m	E	Mean edge participation	Std edge participation	Largest cycle size	Mean cycle size	Std cycle size	Number of cycles	Number cycle connected components	Number of TR edges	Longest path	Number of nodes	Number of edges	Balance	Balance_norm	Number_diamonds	Number_mixers	Largest eigenvalue M_C	Largest eigenvalue A_C	Mean cycle height	Std cycle height	Mean stretch	eigenvalue_ratio	Largest M_C by corr size	
0.1	12547	3.033404406538735	1.601223322515078	6	4.700440528634362	0.5752990256641471	908	1	1407	85	500	1407	0.10505190721834204	0.08541965798257259	599	309	23.927477917931146	18.838984930363956	37.453891336270196	23.114826164217533	7.38546255506608	0.7873368432301887	5.9818694794827865	
0.1	12456	3.05	1.6861833487833657	6	4.739178690344062	0.5348114609966573	901	1	1400	86	500	1400	0.11330589643445647	0.0924884528543626	594	307	23.347986526908667	18.58224557396474	39.33512763596004	23.98139200680199	7.839067702552719	0.7958821439505549	5.836996631727167	
0.1	12398	3.0825565912117177	1.7068365281658704	6	4.616151545363908	0.555241807297857	1003	1	1502	79	500	1502	0.09213765995544883	0.07590086955140987	692	311	26.542544086709476	21.68367750046416	37.630225988700566	21.957826103956318	7.3938185443669	0.8169404345577305	6.635636021677369	
0.1	12481	3.076079506511309	1.705644215451566	6	4.675	0.5328774092916057	960	1	1459	86	500	1459	0.10310187949703672	0.08492670823280131	654	306	27.019765187563202	22.27503398320114	40.89743055555555	23.014098934429217	8.532291666666667	0.8243977632142417	5.403953037512641	
0.1	12534	3.007919366450684	1.6323125077900567	7	4.69438202247191	0.5414005040117936	890	1	1389	84	500	1389	0.10704455166441952	0.08735906097421368	575	315	22.604317582678362	17.68868930029521	40.09785981808454	25.500090142626735	7.046067415730337	0.7825358688930301	4.520863516535672	
0.1	12291	3.0935397039030956	1.6602384294946437	6	4.657548125633232	0.5154662327902213	987	1	1486	81	500	1486	0.10203111521113276	0.08404086748521221	679	308	24.409653735783245	19.663155535373967	37.54436001350895	21.21406161655355	7.7304964539007095	0.8055483190467726	4.881930747156649	
0.1	12511	3.0206258890469417	1.633225837197639	7	4.682469680264608	0.544139132683893	907	1	1406	91	500	1406	0.10352817549837125	0.08510892611383213	611	296	21.80321892809335	16.939486653110247	43.96919724891059	25.678980079959267	7.863285556780595	0.7769259534097415	5.450804732023338	
0.1	12403	3.038598999285204	1.593391385456515	6	4.723333333333334	0.5313609361295243	900	1	1399	89	500	1399	0.11169098294932885	0.09098865343581312	579	321	23.813154706193668	18.90956695243064	40.04668518518518	23.967073989474414	8.034444444444444	0.7940807165508553	5.953288676548417	
0.1	12355	3.0865650969529086	1.6179779801892686	7	4.716402116402117	0.5539619370682326	945	1	1444	85	500	1444	0.10817761458120974	0.08853885975215735	645	300	22.056123461185052	17.269323748106075	40.26152431342907	20.81838072727377	7.934391534391534	0.7829718480900366	4.411224692237011	
0.1	12369	3.0966022651565623	1.6289749562519784	6	4.63872255489022	0.5353917036316721	1002	1	1501	82	500	1501	0.09810062613737505	0.08080105050437274	695	307	24.04702660492195	19.346654649083884	44.6230372588157	21.447752412692648	7.893213572854291	0.8045341724337765	4.80940532098439	
0.1	12602	3.0094202898550724	1.567994550472979	7	4.713961407491487	0.5815145932134059	881	1	1380	83	500	1380	0.1076951995923804	0.08744905203754609	588	293	22.30989040710078	17.553961736995493	37.90561050754014	22.846724465570905	6.847900113507378	0.7868242029287794	5.577472601775195	
0.2	24940	2.560798548094374	1.3657153106300604	10	4.679933665008292	0.6853443256404497	603	2	1102	155	500	1102	0.09646615518359287	0.07904427116077649	437	166	20.234573468522726	14.670012469509796	75.12623983258311	41.8003429206009	5.701492537313433	0.7249973661333033	5.058643367130681	
0.2	24846	2.579136690647482	1.3940508139817391	7	4.67862969004894	0.6305051820303419	613	1	1112	139	500	1112	0.09596515571639902	0.07855160261454276	435	178	21.082089587922656	16.130801384535733	70.2158510059815	38.383240229909504	5.032626427406199	0.7651424360598781	5.270522396980664	
0.2	24947	2.6632566069906223	1.383123945911528	7	4.635014836795253	0.5969925242110204	674	1	1173	150	500	1173	0.09449732065939402	0.0774614583005386	455	219	20.173468444967803	15.482529980676428	76.42086689275116	43.49003041648864	6.169139465875371	0.7674699084548591	5.043367111241951	
0.2	24961	2.626814688300598	1.4640345325649187	7	4.5773809523809526	0.6338377422075085	672	1	1171	145	500	1171	0.08163099603891807	0.06677469074413098	478	194	22.350381753158516	17.988377602522547	75.78723072562359	37.60328065042073	5.8586309523809526	0.804835362598693	5.587595438289629	
0.2	24886	2.6309834638816363	1.4299838376897125	8	4.650769230769231	0.6489335812696152	650	1	1149	155	500	1149	0.09150669615792505	0.07491148436491608	456	194	22.91053709765478	17.973738224202858	71.00157692307691	43.90894605072635	5.9107692307692306	0.784518413845598	4.582107419530956	
0.2	24811	2.672033898305085	1.3882305279927052	8	4.629955947136564	0.6443575255036201	681	2	1180	139	500	1180	0.08798459718437847	0.07242558191577762	486	195	19.061151479436717	14.486086903071193	62.66537305083561	39.78144582719962	5.505139500734215	0.7599796328516076	4.765287869859179	
0.2	24857	2.6132983377077865	1.415783379188493	9	4.638198757763975	0.6362500662717097	644	1	1143	144	500	1143	0.09187240342226077	0.07588251848702966	466	178	22.586993430910642	18.00503763066793	69.96584713595583	42.84332054641348	5.0978260869565215	0.7971418456264198	3.7644989051517737	
0.2	25022	2.6279271465741543	1.4587061791723233	7	4.63302752293578	0.5955063703798452	654	1	1153	141	500	1153	0.09317950480449769	0.07671576641115342	477	177	19.39333105252666	14.673118877966264	71.4193243046454	40.279448122844826	5.223241590214068	0.7566064250759323	4.848332763131665	
0.2	25013	2.680602006688963	1.3200251994640304	7	4.599713055954089	0.6004779810741911	697	1	1196	141	500	1196	0.08547012967341278	0.07023667664141464	503	194	18.980017660479216	14.02129291144216	70.46868552298969	38.13391302160503	5.450502152080344	0.7387397189117338	4.745004415119804	
0.2	25022	2.595048629531388	1.318618718500268	8	4.643987341772152	0.6522807501796747	632	1	1131	152	500	1131	0.09023467352638546	0.07406846094090319	444	188	18.399371082395042	13.667663665059242	80.49549804098855	41.85971102697078	5.6155063291139244	0.742833198148647	4.599842770598761	
0.2	24911	2.5899280575539567	1.4145337571864334	8	4.698205546492659	0.6772557933503847	613	1	1112	157	500	1112	0.09780287918772128	0.07962132722482071	432	181	21.997741193227327	17.057730877408027	74.86714635283151	45.28434440914551	6.300163132137031	0.7754310193748333	4.399548238645465	
0.2	25001	2.69983416252073	1.36326477671675	7	4.605374823196605	0.6235586782961441	707	1	1206	136	500	1206	0.0853647112336569	0.07047638940278443	504	203	20.600266156291426	15.978478780995378	67.11299589142587	37.35084121315568	5.189533239038189	0.7756442882712692	3.4333776927152377	
0.2	24900	2.6878172588832485	1.3777923710434439	7	4.651537335285505	0.6087044132103145	683	1	1182	140	500	1182	0.0939290763157568	0.07714128166002424	485	198	19.939769740283992	15.11113409852428	64.58266750331173	39.10787406031791	5.617862371888727	0.7426516769410425	4.984942435070998	
0.2	25173	2.648854961832061	1.4221756243620771	7	4.5926470588235295	0.6256328975456369	680	1	1179	150	500	1179	0.08396962151065218	0.06917216013713766	483	197	21.461530271544234	17.001153306433395	79.22860644257703	41.550514532537484	5.679411764705883	0.7921687359346954	5.3653825678860585	
0.2	25244	2.6759729272419626	1.4713558416655859	8	4.63103953147877	0.6616696148813049	683	1	1182	150	500	1182	0.09031767829991035	0.07358760776503485	492	191	21.707201921293294	16.812437366852787	75.94655755420763	40.92510448738213	5.710102489019033	0.774509650198671	5.426800480323323	
0.2	24877	2.6779089376053964	1.4677423021666167	7	4.622998544395925	0.6096705185520098	687	1	1186	145	500	1186	0.09141653861202446	0.07517964660574651	488	199	21.676323543785067	16.87331178596158	75.11485755874403	40.54171880032397	5.870451237263464	0.7784212923320853	5.419080885946267	
0.2	25053	2.724937862468931	1.4565451998096004	7	4.645480225988701	0.5989816413473249	708	1	1207	142	500	1207	0.0936598972035936	0.0774752161499376	503	205	20.60469408386643	15.729918177615708	70.30502757600215	38.926115938213655	6.0607344632768365	0.7634143032452156	5.151173520966608	
0.2	24998	2.608385370205174	1.3884579582407335	7	4.70096463022508	0.6568699788900277	622	1	1121	156	500	1121	0.0975732015893691	0.07950984555431923	426	196	21.06774417473951	16.157942099630063	78.24304853774308	44.87050946886277	5.709003215434084	0.7669516947620637	5.266936043684877	
0.2	25160	2.6395147313691507	1.3725579000990844	7	4.650381679389313	0.645521748358091	655	1	1154	143	500	1154	0.09253334928302193	0.07619755418721048	482	173	20.486265574776855	15.600413904983757	74.34656125045437	40.06125206131812	5.221374045801527	0.7615059879039806	5.121566393694214	
0.2	24981	2.7219031993437244	1.4516334564979614	8	4.608333333333333	0.6004049559348349	720	1	1219	139	500	1219	0.08884809548939396	0.07298384718782139	510	210	21.756299644792552	16.89417100749195	62.87541666666666	36.86191161082353	5.6125	0.776518584654428	4.351259928958511	
0.3	37421	2.3621197252208046	1.2575104388516725	8	4.628846153846154	0.7062459090314567	520	2	1019	195	500	1019	0.0864961276969041	0.07126977830968406	402	118	18.938597919544122	14.214785283358726	86.73065934065934	53.70896246525632	4.338461538461538	0.7505722093972675	3.7877195839088245	
0.3	37736	2.2871690427698574	1.1781351249523706	7	4.650103519668737	0.7105643148923101	483	4	982	208	500	982	0.08634507968548398	0.07094635552263498	363	120	18.790910387870927	13.941332485120304	103.41715468796212	57.1813270361607	4.318840579710145	0.7419189489679592	3.7581820775741854	
0.3	37181	2.2630480167014615	1.1530625010406363	9	4.723311546840959	0.7288941192953603	459	2	958	204	500	958	0.09861633033226941	0.07993577152751101	334	125	17.554155168412777	12.200057223052106	106.29129923574368	57.3880366460293	4.468409586056645	0.694995407412433	4.388538792103194	
0.3	37160	2.3916015625	1.3621443678067162	9	4.664761904761905	0.7050810088386607	525	1	1024	193	500	1024	0.0907484820684775	0.07434959814469366	388	137	20.493640263451933	15.759189957924475	99.51790022675736	55.52054142249977	4.836190476190477	0.7689795348866931	5.123410065862983	
0.3	37420	2.316950852557673	1.3248052148007514	8	4.63855421686747	0.7070212402814541	498	1	997	199	500	997	0.08864688828637793	0.0723368852544551	365	133	21.406941857304737	16.726445119400864	102.30137215528782	59.09163830384203	4.624497991967871	0.7813561241440595	4.281388371460947	
0.3	37518	2.355339805825243	1.2801492749228112	8	4.568738229755179	0.6864865303377016	531	2	1030	188	500	1030	0.07639795682324614	0.06323851783714585	408	123	18.52888471375826	14.012719290288727	95.86512420410725	56.27979830582654	4.271186440677966	0.756263504617947	4.632221178439565	
0.3	37543	2.3359840954274356	1.225328038905484	9	4.6351084812623276	0.7014989150930928	507	1	1006	195	500	1006	0.08759874509514168	0.07171105804582906	376	131	18.379043106024454	13.83413153749775	95.40679064525217	52.538553096224696	4.552268244575937	0.7527122852746926	4.594760776506114	
0.3	37336	2.518716577540107	1.3398150003562919	8	4.536115569823435	0.6088399090054043	623	1	1122	172	500	1122	0.07836136343467495	0.06508026714162975	467	156	18.721459845294444	13.900763478546848	88.52182221203088	45.0608857700741	4.5553772070626	0.7425042487827541	2.674494263613492	
0.3	37457	2.3076923076923075	1.235630581389731	10	4.662576687116564	0.7393762271430427	489	1	988	204	500	988	0.0894670811872028	0.07341392662495067	373	116	17.287956372333674	12.473080537709281	101.60341318531502	56.74723098449272	4.807770961145194	0.6831467459615823	4.321989093083419	
0.3	37521	2.3118712273641853	1.1771294414159355	8	4.642424242424243	0.7215430867792799	495	1	994	198	500	994	0.08408815281181348	0.06939157620828544	383	112	17.76258244734836	12.924492780126211	101.9918759018759	52.87591970176121	4.319191919191919	0.7276246468348193	3.552516489469672	
0.3	37274	2.340659340659341	1.1770512797325547	8	4.6673306772908365	0.6877473812190381	502	2	1001	198	500	1001	0.0937422249110388	0.07651796252357004	357	145	17.435689934938786	12.55814597158128	103.08817823942324	54.94515244323493	4.605577689243028	0.72025517879946	2.9059483224897975	
0.3	37506	2.3949579831932772	1.2869860611070687	7	4.484265734265734	0.5746059635101118	572	1	1071	192	500	1071	0.07368758815251354	0.06081197982384895	430	142	18.279114615187527	13.738087343134028	95.4044413919414	56.16555636008104	4.575174825174825	0.7010139232651473	4.569778653796882	
0.3	37420	2.3912630579297245	1.2406534213095828	9	4.5451263537906135	0.6263928035374674	554	1	1053	179	500	1053	0.07883541158901382	0.06531285257635935	418	136	17.199104864205818	12.50541538048078	85.6600438370294	51.331384207875594	4.247292418772563	0.7270968738906068	4.2997762160514545	
0.3	37653	2.3052208835341363	1.1447509205438389	11	4.619718309859155	0.7164729738519957	497	1	996	199	500	996	0.08682362390186253	0.07112777132909516	391	106	16.985807416573508	12.234691523447905	94.00729485135923	57.40773444406239	4.503018108651911	0.7202890756614955	4.246451854143377	
0.3	37396	2.396551724137931	1.2586206896551724	8	4.590825688073394	0.6660221893986082	545	1	1044	184	500	1044	0.08369315969040171	0.06864007684321229	417	128	17.59615129414413	12.981633353897964	93.7973875054609	53.09009977192296	4.387155963302752	0.7377541336677502	4.399037823536032	
0.3	37246	2.2531645569620253	1.245769425845924	8	4.757238307349666	0.8289566999971627	449	2	948	216	500	948	0.09863680500495671	0.08045862188693198	337	112	18.696570401974228	13.826633888200615	110.74921518718847	58.43363522764919	4.917594654788418	0.7395278166492298	3.7393140803948457	
0.3	37598	2.301522842639594	1.2063485685188813	8	4.6646090534979425	0.7834860315054282	486	3	985	202	500	985	0.08551354128338604	0.06898802355318541	348	138	17.403014247450965	12.136766894250462	98.72906378600823	59.55021608711494	4.563786008230453	0.5834403120075846	4.350753561862741	
0.3	37319	2.3297029702970296	1.2496371397650945	8	4.604696673189824	0.6826745033062759	511	3	1010	191	500	1010	0.08299389339080805	0.06846138449464942	387	124	19.024529013199274	14.289768546886279	93.89575528841674	56.38889892268788	4.285714285714286	0.7511233806088968	3.804905802639855	
0.3	37385	2.3630069238377844	1.2704417399436434	9	4.666015625	0.7472458178242681	512	1	1011	197	500	1011	0.08800550537725416	0.0720792229298436	381	131	17.954430350617127	13.021495530177036	97.82371806795635	56.098257591173855	4.53125	0.725252501799895	3.5908860701234255	
0.3	36969	2.3386138613861385	1.2364889847114744	9	4.6223091976516635	0.7377249567645191	511	2	1010	192	500	1010	0.08374827336271334	0.06854029254043006	387	124	18.297229225437288	13.285737943240953	91.88253812940701	54.44271708450432	4.334637964774951	0.726106547584307	3.6594458450874576	
0.4	49882	2.010250569476082	1.0982009231060885	9	4.6569920844327175	0.8368318363714327	379	5	878	249	500	878	0.08490909643731973	0.06916941753749775	300	79	17.037184515020318	12.40025653448243	119.48784080914689	73.50898164486382	4.065963060686016	0.7278348440465688	3.4074369030040637	
0.4	49595	2.057110862262038	1.1269315114977199	9	4.66243654822335	0.8187275953670404	394	6	893	244	500	893	0.08845929689923734	0.072623285896419	316	78	16.657136099711977	12.129714866708028	122.86941020062848	69.47436057502098	3.7563451776649748	0.7281993011342308	4.164284024927994	
0.4	49646	2.0045454545454544	1.0357155070627493	9	4.6299212598425195	0.8145960105884722	381	9	880	237	500	880	0.07983465221208774	0.06602643982060333	314	67	14.935017884652014	10.350442699139151	122.05299129275511	66.63356508464801	3.4461942257217846	0.14150506882865252	3.7337544711630035	
0.4	49816	2.0605381165919283	1.0770386559842433	10	4.676844783715013	0.7878842211152979	393	7	892	236	500	892	0.08909239502093994	0.07311622621692085	315	78	17.434275745741573	12.988224921165822	123.41304980007271	67.3964766758415	3.6030534351145036	0.7449821897154675	4.358568936435393	
0.4	49743	2.0605726872246697	1.142717075745851	9	4.574572127139365	0.7723452838353533	409	8	908	240	500	908	0.07243842509053965	0.06020300779111572	332	77	18.255236733938418	14.036443713143244	129.74464334225948	65.3186060266848	3.6136919315403424	0.7688995720908954	3.6510473467876836	
0.4	50079	1.9533799533799534	1.0378249614011141	8	4.6685236768802225	0.7712709143067443	359	10	858	252	500	858	0.09243043273864272	0.07536642361275712	283	76	16.46813062094503	11.658244464664925	127.72109696246186	71.61931410880386	3.713091922005571	0.41241644745514994	4.117032655236257	
0.4	49967	2.136017410228509	1.0880685504759116	8	4.673809523809524	0.7176547531168465	420	1	919	242	500	919	0.09188460890755396	0.07542919893146512	316	104	16.560901765921074	11.464146553671863	118.21304421768708	69.3889611015428	4.2214285714285715	0.691358804341618	4.140225441480268	
0.4	49558	2.019318181818182	1.0588756853106738	10	4.664041994750656	0.846480090828012	381	8	880	245	500	880	0.0870681884184658	0.07115634585176267	296	85	16.222289776064706	10.315540073268862	116.51088197308671	68.340546134379	3.8372703412073492	0.5456238333673635	4.0555724440161764	
0.4	49830	2.0166852057842046	1.0769863413415715	10	4.5325	0.7674267065980959	400	6	899	241	500	899	0.07005014985973484	0.05798458209177083	331	69	14.905478142156035	10.483459500628499	115.8623125	70.93222485051315	3.465	0.588224548358473	3.7263695355390087	
0.4	49987	2.034675615212528	1.0469541718486264	9	4.60506329113924	0.743562879310084	395	7	894	247	500	894	0.08236805164826111	0.06780069035051935	306	89	15.654252747847716	11.265415797737537	118.26494374120958	65.6530684677028	3.6911392405063292	0.7196393196913475	3.1308505495695433	
0.4	49789	2.0178372352285394	1.1370494215769695	10	4.547738693467337	0.7308578370312874	398	12	897	244	500	897	0.0741724546624037	0.06085563277139631	309	89	15.784681842076445	11.139991300184597	128.42312455132807	67.38050324292537	3.7939698492462313	0.7057469647876763	3.9461704605191112	
0.4	49564	2.0	1.053234221615209	9	4.7645429362880884	0.8916139767935106	361	6	860	246	500	860	0.09283185361888634	0.07477638409652893	290	71	19.530199100008247	14.648877161948548	126.33197687200457	71.70288535528123	4.080332409972299	0.7500628686341637	4.882549775002062	
0.4	50060	1.9709639953542393	1.103407298041087	8	4.6878453038674035	0.8404920279201246	362	7	861	252	500	861	0.08331265236956063	0.06814995187281013	297	65	18.607245688826573	13.674775139008373	130.18359313338595	70.29859148117971	3.8480662983425415	0.7349166753475992	3.7214491377653145	
0.4	49892	2.020618556701031	0.9992143912831153	8	4.716577540106952	0.7633959087565563	374	6	873	243	500	873	0.0984547294003242	0.07959531748010795	291	83	15.563775705809833	11.11563226285773	132.97578622358034	70.03782565772369	3.9893048128342246	0.7141989497258273	3.1127551411619665	
0.4	49806	2.0304054054054053	1.0644644288707548	8	4.634961439588689	0.7028486371469433	389	11	888	248	500	888	0.08863287112058302	0.07340253272004955	305	84	17.17116637825136	12.62302162639341	131.49536356959237	72.30715936918239	4.048843187660668	0.735128956783126	3.4342332756502723	
0.4	49619	2.134929270946681	1.0675084485412132	10	4.671428571428572	0.7847613268606286	420	2	919	231	500	919	0.08821832265293819	0.07191068467763914	323	97	15.94379004728425	10.59524588172405	119.51637188208618	66.83403633378359	3.973809523809524	0.6629318815406299	3.18875800945685	
0.4	49666	1.985091743119266	1.0830248757491476	8	4.640750670241287	0.8474225071728327	373	7	872	250	500	872	0.08168470536297516	0.0672063350990857	295	78	15.673645403868955	10.948476160358654	118.37107110940892	73.10641352210178	4.013404825737266	0.6894711558628223	3.134729080773791	
0.4	50262	2.048260381593715	1.0630646270745858	8	4.655612244897959	0.763497011376387	392	6	891	245	500	891	0.0805516158727398	0.06628790367472645	313	79	14.866105715044979	10.211965237524216	124.74383503401361	70.03296560819442	3.788265306122449	0.6578811680044032	2.973221143008996	
0.4	49794	2.016	1.0963711571752124	10	4.691489361702128	0.8414348907780932	376	6	875	245	500	875	0.09182559952419604	0.07446595238685867	293	83	15.854039139067451	10.78569185356954	110.53104419959473	65.17718751239411	3.997340425531915	0.6482363471287872	3.17080782781349	
0.4	50199	2.018058690744921	1.0853586756435283	8	4.62015503875969	0.7386746821439749	387	11	886	249	500	886	0.08277749147097463	0.06842169459377306	311	76	15.216634547324578	10.66860992861261	125.15347606742957	70.56796389335317	3.9224806201550386	0.6964502500878365	3.0433269094649154	
0.5	62655	1.7704714640198511	0.9928636309344542	10	4.648208469055374	0.8191648139240795	307	20	806	289	500	806	0.08167208874167346	0.06692488333040769	249	58	15.204280483097481	10.58133157134187	133.1161289488651	78.6642276030876	3.45928338762215	0.6959442495884682	3.8010701207743702	
0.5	62393	1.6670934699103712	0.9557724766464288	8	4.617021276595745	0.809163603442443	282	25	781	305	500	781	0.08186002008623504	0.06705881353301671	233	49	14.58812004252608	9.947496178585228	146.33552009456267	84.94611309656905	3.5531914893617023	0.06939577531540471	2.0840171489322974	
0.5	62132	1.588	0.8956874454853099	9	4.745019920318725	0.8829533809380617	251	27	750	313	500	750	0.09498532771296601	0.0782947554301256	207	44	13.677554391626007	8.942152562763868	152.25201416555998	93.30335335813866	3.358565737051793	-0.0731124857095976	2.7355108783252016	
0.5	62658	1.8477218225419665	1.0188044148936293	9	4.6	0.8037226818086767	335	17	834	277	500	834	0.07765451815045771	0.06376954282989168	274	61	16.289469508704002	11.908764246204393	130.06057332385691	81.68624820844485	3.5104477611940297	0.7310713365982328	3.2578939017408004	
0.5	62405	1.6890012642225032	0.951075185696672	9	4.575342465753424	0.7837005337198797	292	30	791	294	500	791	0.07719138266249449	0.06363606224701289	250	42	14.626643357378233	10.287012249011383	152.78908458360513	91.31470314067053	3.297945205479452	0.7033064249715383	3.6566608393445583	
0.5	62191	1.7616707616707616	0.95459841934521	8	4.552380952380952	0.7124420651148587	315	19	814	281	500	814	0.07516312632547474	0.06227607464977898	268	47	13.998806499986088	8.791456721851596	139.5289795918367	77.53217327853923	3.250793650793651	0.6280147326745557	2.7997612999972175	
0.5	62554	1.728301886792453	0.9591093926676759	10	4.641891891891892	0.8738709714821311	296	19	795	286	500	795	0.0799327309430931	0.06503272387946896	249	47	15.930396136311419	11.696135792686709	141.7951858108108	79.40913053579374	3.364864864864865	0.7342024449741571	2.65506602271857	
0.5	62135	1.6845466155810984	0.917464309214626	9	4.644366197183099	0.7896357377259399	284	24	783	297	500	783	0.08404975273456244	0.06920320133448607	234	50	14.196762401822609	9.921033695987573	152.10557511737088	83.75094481114944	3.4401408450704225	0.4918884332192321	2.839352480364522	
0.5	62278	1.6896551724137931	0.9745065928380066	7	4.658450704225352	0.7779299868698565	284	23	783	286	500	783	0.08601262498748402	0.07119804575704937	241	43	15.237348144782308	10.86879963456309	132.1849178403756	85.91468382604704	3.2253521126760565	0.7132999476870828	3.809337036195577	
0.5	62635	1.8248792270531402	1.0435027226959204	9	4.592705167173253	0.7824489891822907	329	19	828	271	500	828	0.07801383111752042	0.0640525515246954	270	59	15.774368886649459	11.52951550102668	150.56821054663	78.03206360706466	3.3221884498480243	0.730901856288185	3.9435922216623647	
0.5	62546	1.7384230287859825	1.0352548996040931	10	4.63	0.848390633297343	300	23	799	292	500	799	0.07808010825929611	0.06463944627383715	251	49	14.149749488400575	9.78479426036666	146.3489126984127	81.81495714033724	3.44	0.6915171373449305	3.5374373721001438	
0.5	62464	1.7496902106567533	0.9890587458121433	9	4.584415584415584	0.7704046727253969	308	24	807	284	500	807	0.07376336197789977	0.06153439672939098	253	55	16.305380942247478	12.03308981225589	129.5604347041847	76.4280035735592	3.211038961038961	0.7379827466083899	4.0763452355618695	
0.5	62716	1.7112232030264818	0.992322427498924	9	4.615646258503402	0.8321107232930811	294	24	793	293	500	793	0.07836407445623067	0.06429316160842947	247	47	15.917053908103115	11.710622610465801	141.4360031314113	83.18846155535888	3.2687074829931975	0.7357280234192153	3.979263477025779	
0.5	62345	1.7540983606557377	0.9744848157622358	10	4.7312925170068025	0.9363631135516794	294	22	793	290	500	793	0.09404871956755861	0.07624703245457007	239	55	17.9237171341464	13.221235839238574	145.8376714177735	82.40145876389269	3.9591836734693877	0.7376391705072634	4.4809292835366	
0.5	62736	1.8242424242424242	0.9454933946952273	7	4.616564417177914	0.732820737684523	326	19	825	279	500	825	0.08244040087812886	0.06838933853853038	268	58	14.606253725044404	9.886842346999243	141.566885772714	74.77636162782602	3.4877300613496933	0.6768910449670548	3.651563431261101	
0.5	62476	1.7200504413619169	0.9514382807073676	8	4.639455782312925	0.7325807353180138	294	20	793	291	500	793	0.0857511602007736	0.07063374915577601	242	52	13.4509134355161	8.713154352312108	148.2228296080337	87.70259785249097	3.479591836734694	0.3949439160158513	2.6901826871032197	
0.5	62359	1.7764127764127764	1.0142153775567768	7	4.59047619047619	0.7971604936320601	315	21	814	283	500	814	0.07535992151305844	0.06083360117735841	250	65	15.099303107636876	10.101541852307838	145.8124792139078	86.90654415899542	3.4571428571428573	0.1955771104117638	3.774825776909219	
0.5	62139	1.8226002430133657	0.9366959560446575	9	4.62962962962963	0.7318915868655372	324	19	823	271	500	823	0.08491547812479437	0.07024621800231645	269	55	14.716191294127075	9.51403648711695	133.49918920242993	78.52750848796002	3.3209876543209877	0.6465012785552606	3.6790478235317687	
0.5	62618	1.786764705882353	0.9907025253103406	9	4.599369085173501	0.8557098512817011	317	18	816	280	500	816	0.07496858317611443	0.06088700957210959	263	54	13.789289896733504	9.346365875512143	143.42322242251265	80.00176235736105	3.4258675078864353	0.15991188573839604	2.7578579793467006	
0.5	62407	1.7515451174289245	0.9938379792763911	9	4.570967741935484	0.786865381111455	310	18	809	282	500	809	0.07648991756721944	0.06261279236020134	265	45	14.251561792390445	9.969478104424855	146.11931131592422	81.20690310352539	3.2225806451612904	-0.03863057198212027	2.850312358478089	
0.6	74916	1.457765667574932	0.7969549812197922	7	4.553191489361702	0.7088651595301141	235	45	734	318	500	734	0.07092653810909753	0.05919098733583053	207	28	12.98962196236015	7.332310825547447	147.10433637284703	95.26076285392172	2.9106382978723406	0.5644745356557861	2.59792439247203	
0.6	74945	1.5311258278145696	0.9434462281931411	9	4.515625	0.755028714271848	256	43	755	319	500	755	0.06855500056024233	0.05681414521499861	224	32	13.32159174571919	9.135906045685644	155.72298952132937	95.10714860052273	2.98828125	-0.17367875096671656	3.3303979364297973	
0.6	74853	1.2786647314949202	0.9003276065193836	9	4.636842105263158	0.8520628382533826	190	43	689	354	500	689	0.07906865432540341	0.06530279870910816	157	33	14.336796997367841	10.103770810655256	178.23082289055972	99.55519432614044	3.0842105263157893	-0.0008353710362501183	2.8673593994735684	
0.6	75044	1.4789687924016282	0.851149766139438	9	4.579831932773109	0.7614205909293643	238	39	737	326	500	737	0.07735272957853136	0.06378317111685879	206	32	13.704464383658213	9.379064446751542	155.43508736828065	97.47257000972155	3.1260504201680672	0.6843802270693292	3.426116095914553	
0.6	74911	1.386459802538787	0.9276431866135183	8	4.680952380952381	0.8663657248304539	210	42	709	345	500	709	0.08499553886181027	0.06980391038218538	177	33	14.274575876254914	9.825389814959241	177.83672335600906	107.65423479793928	3.2	0.6883139576359193	2.8549151752509827	
0.6	74627	1.4461325966850829	0.8926489006133292	10	4.653333333333333	0.9066666666666667	225	40	724	330	500	724	0.08262456753890218	0.06735673374792517	196	29	12.655116278457408	8.056518013082608	171.75697707231043	99.52614540819103	3.1777777777777776	0.44299841290867925	3.163779069614352	
0.6	74821	1.3460451977401129	0.8388677182992691	8	4.559808612440191	0.7810629254511718	209	46	708	335	500	708	0.07145281391940755	0.05913757125067438	179	30	12.66693807283201	8.030526508276703	170.57890179995442	88.97244898238169	3.028708133971292	0.09752797423776605	3.1667345182080027	
0.6	74836	1.4289655172413793	0.9451084405126117	8	4.584070796460177	0.8007260390908534	226	41	725	335	500	725	0.07521718414354443	0.061914889793288325	186	40	12.977673641071181	8.262008531734676	166.44971028234303	104.1006943277825	3.1106194690265485	0.6366324782268702	3.2444184102677953	
0.6	74849	1.3961218836565097	0.8749429275207684	7	4.520179372197309	0.6948213075604148	223	40	722	327	500	722	0.06666434598228978	0.055873910421166705	193	30	13.52106287126278	8.954016327532972	152.98331197950034	88.41290722057312	2.8295964125560538	0.6622272533443759	2.704212574252556	
0.6	74923	1.4267955801104972	0.8597187045948159	9	4.591111111111111	0.7553725268508166	225	49	724	328	500	724	0.0790338658931632	0.06589054913774235	193	32	15.361054969298738	11.031563983116737	163.34837389770723	98.35567265904587	2.9244444444444446	0.7181514554283474	3.8402637423246846	
0.6	74918	1.4028169014084506	0.8263225559519151	9	4.720379146919432	0.9940638256283995	211	40	710	333	500	710	0.08193280954189991	0.06678341237174674	177	34	13.522528521134577	7.986944068381338	162.17487211314227	88.14728998347988	3.1279620853080567	0.24938245225354277	3.380632130283644	
0.6	74944	1.4596443228454172	0.8934780466629221	8	4.599137931034483	0.753497098552313	232	41	731	328	500	731	0.08103467591061349	0.06685804467013959	200	32	13.96503775550862	9.21235145625408	176.91215619868638	96.97732716778413	3.103448275862069	-0.28973663056017757	3.491259438877155	
0.6	74517	1.440934065934066	0.8906259103216208	9	4.580786026200873	0.8456295515736718	229	40	728	336	500	728	0.07293811020964407	0.059508444877431725	193	36	12.291938884182006	7.972869732610556	177.76272960421434	101.79521731405983	2.9912663755458517	0.648625884633263	2.458387776836401	
0.6	74750	1.3088023088023089	0.8678283139902799	8	4.675257731958763	0.8867327876350467	194	48	693	344	500	693	0.08205673560889612	0.06777721051865049	177	17	16.508976957432143	12.376292529804937	173.51240795287188	98.36128166681577	3.0618556701030926	0.7496704709030004	4.127244239358036	
0.6	74817	1.4925575101488497	0.8616856268347902	8	4.595833333333333	0.8361514848133415	240	41	739	321	500	739	0.07354310702810256	0.0608492945567912	216	24	13.51612446314483	9.339722572062659	177.5100843253968	89.85712597549451	3.066666666666667	0.6910059608824852	2.703224892628966	
0.6	75048	1.4696356275303644	0.9484462765847026	6	4.5	0.6047333952568213	242	42	741	328	500	741	0.06953068472498476	0.058315009475660325	197	45	15.214838814463235	10.75263470925551	168.78870523415978	94.94310178598629	3.049586776859504	0.0061001252514254435	3.8037097036158087	
0.6	74616	1.521970705725699	0.9169127580089804	9	4.535714285714286	0.7783748113465488	252	38	751	318	500	751	0.07099268834506078	0.05889519824876329	215	37	13.342538284754268	8.864002727603449	153.39674666162762	100.17207488908191	2.9206349206349205	0.6643415621847473	3.335634571188567	
0.6	74794	1.4194444444444445	0.8210154432315456	8	4.624434389140271	0.8766143589874615	221	40	720	335	500	720	0.08300069564025171	0.06771069697820138	189	32	12.372817428472295	7.368226633213359	161.12134776987722	96.68489392920131	3.1900452488687785	-0.07307092611383702	1.546602178559037	
0.6	74802	1.3619718309859155	0.8769129908791999	11	4.5829383886255926	0.9269492800407256	211	39	710	337	500	710	0.07296234075486566	0.06016515963804644	187	24	14.006468645621066	8.092899592471579	165.5745841967406	100.5890227889163	3.028436018957346	0.4693249743057289	2.8012937291242133	
0.6	74850	1.4181818181818182	0.8865456151723439	9	4.694444444444445	0.8814795362568016	216	40	715	332	500	715	0.08400793064125403	0.06908033270115858	184	32	13.81379549006463	9.167861634866837	172.61627535273368	95.24371624139445	3.189814814814815	0.3571669346863496	2.7627590980129257	
0.6	75067	1.4665757162346522	0.899015002179757	8	4.594017094017094	0.8071042041081135	234	37	733	326	500	733	0.07526063409549488	0.06205190617805177	193	41	12.231514265115628	7.533370924080403	175.54768009768011	98.21050720446469	3.123931623931624	0.6158984701972375	2.0385857108526046	
0.7	87196	1.182089552238806	0.8319955103808129	9	4.631578947368421	0.9041472790684298	171	50	670	368	500	670	0.07742806066594787	0.06376330645487976	151	20	12.324042096772942	7.266657518463914	188.9336721433213	102.82279984944188	3.0058479532163744	-0.16228441807446428	3.0810105241932355	
0.7	87524	1.0432098765432098	0.7441024540509702	10	4.5369127516778525	0.9161012365504192	149	58	648	376	500	648	0.06656906213362014	0.054853581224986306	137	12	10.432936420303959	5.447319137403864	166.683802066688	105.33715896949005	2.751677852348993	0.43838803386567265	2.0865872840607915	
0.7	87225	1.112121212121212	0.829113281640374	7	4.559006211180124	0.8025171618055762	161	49	660	375	500	660	0.0726484340884301	0.06014293603659763	147	14	12.902025359622304	8.833206134157184	172.72971014492754	105.43232070466641	2.7080745341614905	0.6846371703625119	3.225506339905576	
0.7	87198	1.0415384615384615	0.7604436574875337	7	4.483443708609271	0.7173747636117687	151	64	650	377	500	650	0.06539714779343493	0.054357700012531256	139	12	12.24238658802102	8.117827129997707	180.70652790917694	108.10932595237081	2.6953642384105962	0.6630918793187655	3.060596647005255	
0.7	87609	1.0893939393939394	0.8507801745561626	7	4.46583850931677	0.650189230941701	161	53	660	373	500	660	0.06164324387379755	0.05203323148564986	144	17	12.469988386204877	7.952832703796837	194.61885536823425	107.68649176728718	2.7142857142857144	0.6377578276331664	3.117497096551219	
0.7	87305	1.0669710806697108	0.7635665656831245	7	4.436708860759493	0.6697207457315766	158	56	657	370	500	657	0.05993802159523271	0.05036716899931784	146	12	10.396370836117859	5.675068914230735	200.05637432188067	99.27997592572841	2.6582278481012658	-0.2831568256123127	2.5990927090294647	
0.7	87089	1.1879588839941262	0.8394995912176222	8	4.445054945054945	0.7146448801141366	182	53	681	355	500	681	0.05572551119012421	0.04683730450719285	168	14	11.512407385315214	6.436446144998625	169.25733908948195	100.58821064752298	2.576923076923077	0.5590877676209329	2.8781018463288035	
0.7	87354	1.1481481481481481	0.8599613989486714	7	4.403409090909091	0.6047067026922983	176	58	675	364	500	675	0.057156036608756566	0.04810241706695704	159	17	12.873073659252578	8.31248042038034	181.90995670995673	107.71054461069058	2.6931818181818183	0.6457261599218542	2.5746147318505157	
0.7	87419	0.8840579710144928	0.7652393497069035	7	4.5	0.6924653036227241	122	53	621	394	500	621	0.0648514436414715	0.054597081297078	113	9	10.326972644606794	5.730154763316061	179.0010343481655	116.48831763335423	2.721311475409836	0.5379142366658518	2.0653945289213587	
0.7	87257	1.0833333333333333	0.869009072263787	7	4.440993788819876	0.6856535214772957	161	59	660	374	500	660	0.05689865591629167	0.047565296285044835	148	13	12.363990577155308	8.362151247703869	184.70777876367939	111.64125975344759	2.670807453416149	-0.009056867011248618	3.090997644288827	
0.7	87248	1.1345291479820627	0.7846551294484905	7	4.464705882352941	0.6786155252732349	170	58	669	370	500	669	0.06221970746582133	0.05240007471701306	154	16	10.219636605241373	5.981867937991058	173.45816526610645	107.48170017482396	2.7411764705882353	0.48486084697550175	2.5549091513103432	
0.7	87416	1.053763440860215	0.7946811276086829	7	4.5131578947368425	0.7432754864472947	152	59	651	373	500	651	0.06534525207998045	0.05421727239331868	137	15	11.621759906937708	6.729895808254279	175.37622180451126	102.64415440546439	2.6578947368421053	0.09832390163557055	2.905439976734427	
0.7	87645	1.118796992481203	0.8277290588581344	7	4.481927710843373	0.6278946612431509	166	57	665	368	500	665	0.06602576234575717	0.056038254633672444	150	16	10.801053534836205	6.367918891445344	187.33162650602412	100.24800157297848	2.7228915662650603	-0.22994160824530877	2.160210706967241	
0.7	87117	1.1428571428571428	0.8001913036574313	7	4.4393063583815024	0.6993503044548376	173	54	672	357	500	672	0.053869443706665424	0.04527753006874115	162	11	10.44356110406726	6.194244876510936	192.30119735755576	95.65302388515715	2.566473988439306	-0.22241569826551263	2.610890276016815	
0.7	87455	1.21865889212828	0.9220344204891174	7	4.470588235294118	0.6564702048951404	187	51	686	361	500	686	0.06428327500104376	0.0538441530488542	160	27	12.664483869644222	8.263143122866087	197.61222307104663	105.70274764282345	2.7967914438502675	0.24735611224461626	2.5328967739288446	
0.7	87287	1.0540123456790123	0.7506268654968385	9	4.583892617449664	0.867772517905127	149	59	648	372	500	648	0.07202874041209036	0.0594956393905344	135	14	11.64888428453892	7.286581519327116	197.08049430062852	107.37398214719084	2.778523489932886	0.6255175466888527	2.91222107113473	
0.7	87164	1.0451010886469674	0.8306830448737986	11	4.666666666666667	1.034139470499238	144	49	643	385	500	643	0.08309034704634138	0.06741362804112414	128	16	12.894737909492306	8.378589714132517	178.1238982082732	107.98085543502064	3.2083333333333335	0.6497681281264909	3.2236844773730766	
0.7	87272	1.0154798761609907	0.8195041176351937	8	4.462585034013605	0.7216016656422377	147	50	646	379	500	646	0.05709149720904676	0.048204110435129746	134	13	10.82990256088033	6.401295566454761	196.6108843537415	108.15071879913206	2.761904761904762	0.08985003880762896	2.7074756402200824	
0.7	87593	1.1079460269865067	0.8360576133969464	6	4.398809523809524	0.6088619453379606	168	56	667	371	500	667	0.055815138190847366	0.04703779922136682	151	17	12.103398750953444	7.705041141827575	181.59375	105.25119591573042	2.732142857142857	0.6366014456245698	3.025849687738361	
0.7	87530	1.080547112462006	0.7823382875129423	8	4.471698113207547	0.6987078888175023	159	61	658	374	500	658	0.06509651375311078	0.05444906995095169	144	15	12.415596852279926	8.000302973726296	192.1591494459419	117.16178079081091	2.729559748427673	-0.16108770474717318	2.4831193704559853	
0.8	99924	0.7884297520661157	0.6765481276540273	10	4.5	0.8605614665646197	106	63	605	407	500	605	0.06294913981026987	0.0526195367984032	101	5	10.605551275463988	4.249140538129545	181.4398697214735	111.49812978188224	2.641509433962264	0.18858048469644512	2.651387818865997	
0.8	99630	0.6920473773265652	0.6606572929054023	7	4.445652173913044	0.7425591827501551	92	57	591	418	500	591	0.056310275302446894	0.04667758225323267	87	5	8.892185878863215	3.4690391882957328	196.41255175983443	119.51202422250296	2.532608695652174	-0.2667826961318862	2.2230464697158037	
0.8	99857	0.7043918918918919	0.7086204015181696	8	4.483870967741935	0.7565186709392627	93	53	592	418	500	592	0.06179797843539548	0.05166722422593217	85	8	10.433551097204894	5.537209098459822	203.53846646185357	118.18712830126883	2.5698924731182795	0.40429060663011074	2.086710219440979	
0.8	99758	0.6919191919191919	0.71140446772731	6	4.326315789473684	0.5319696323576117	95	55	594	416	500	594	0.04653278384393722	0.03961763299573488	88	7	9.052031617595166	4.9392348681160865	214.82473684210524	126.73486972367989	2.357894736842105	0.4659933681844405	2.2630079043987914	
0.8	99995	0.7169179229480737	0.6511928610957621	7	4.36734693877551	0.6125849395838218	98	65	597	412	500	597	0.048003620935047314	0.04075854660507558	92	6	8.737735586497186	4.218186702395221	212.46601068999033	118.09867671281718	2.4285714285714284	-0.22889225477258562	1.7475471172994372	
0.8	99855	0.6824324324324325	0.6528229982592874	7	4.344086021505376	0.6306614321985023	93	64	592	416	500	592	0.0463389656938044	0.03924731182795699	91	2	10.13554992278855	6.135549922788558	189.89198668714798	119.62806679272842	2.3655913978494625	-0.12195371607026867	2.5338874806971377	
0.8	99791	0.739202657807309	0.7083446817515422	6	4.320388349514563	0.6108023091272167	103	60	602	409	500	602	0.04056865464632455	0.03422330097087378	97	6	8.986897674652974	4.966104878387358	183.62071197411004	119.1773943044284	2.3689320388349513	0.4851087600760449	1.7973795349305948	
0.8	99657	0.6224137931034482	0.6516671202936506	7	4.45679012345679	0.72092846027933	81	53	580	425	500	580	0.06116487471153874	0.050856019349350697	78	3	9.747329203708471	5.197887732043871	226.22574955908294	121.56990868347503	2.45679012345679	0.5332627659755537	1.9494658407416943	
0.8	99848	0.7286432160804021	0.6261207051055341	7	4.438775510204081	0.686105937714867	98	67	597	409	500	597	0.05942247419063526	0.049942220074463334	94	4	8.505246612545893	4.264425476354538	210.3187560738581	125.85209618753947	2.520408163265306	-0.08607049753137627	2.126311653136473	
0.8	99766	0.7075630252100841	0.7161005121537162	7	4.385416666666667	0.6352458786870552	96	56	595	418	500	595	0.04699900793650793	0.04010416666666667	89	7	9.976122803031158	5.673228135129131	192.1186011904762	117.2710153873103	2.5208333333333335	0.10023934345476972	1.9952245606062315	
0.8	99984	0.8511326860841424	0.6947610321394805	7	4.420168067226891	0.6148826262160241	119	63	618	398	500	618	0.057723089235694296	0.04936974789915966	114	5	9.148893995678387	4.939234868116078	197.22719087635056	105.63111922001018	2.5126050420168067	0.5398723463676808	2.2872234989195968	
0.8	99791	0.6113989637305699	0.6351325685933963	8	4.425	0.7870038119348597	80	56	579	426	500	579	0.05485119047619047	0.04544642857142857	77	3	8.982695081643842	4.099647729675864	220.06714285714287	131.88757585006041	2.5	0.45639395442170844	2.2456737704109604	
0.8	99799	0.5934256055363322	0.6699881439082146	6	4.341772151898734	0.5485556627853279	79	52	578	430	500	578	0.04746835443037974	0.04082278481012658	75	4	9.828427124746195	5.7015621187164225	225.74578059071732	128.96282111420817	2.430379746835443	0.5801093141710258	2.457106781186549	
0.8	99866	0.5808695652173913	0.6619990348310201	6	4.394736842105263	0.6299320633466223	76	50	575	431	500	575	0.05422396734606979	0.045649178517071134	73	3	8.939234868116092	4.939234868116071	239.72565789473686	122.78443557789076	2.4342105263157894	0.26923203865892104	2.234808717029023	
0.8	99651	0.6841216216216216	0.665169587250331	7	4.354838709677419	0.633222875885396	93	61	592	415	500	592	0.04505888376856119	0.038172043010752686	89	4	9.451446599589717	5.269664615731106	210.09267793138764	106.50037302102152	2.4408602150537635	0.5575511177262388	2.3628616498974293	
0.8	99695	0.7934426229508197	0.7531069748450968	6	4.36036036036036	0.581901090520906	111	55	610	406	500	610	0.047744080602457044	0.040714752858535194	107	4	9.490682570010378	5.276976348882449	185.43843843843842	113.71293000100462	2.3873873873873874	0.21073299894359612	2.3726706425025945	
0.8	99748	0.7207357859531772	0.7180926010638483	7	4.353535353535354	0.65617704116815	99	57	598	417	500	598	0.04527406696376175	0.038074116841387944	96	3	9.69883645329774	5.2769763488824495	198.12068302068303	127.95767505585371	2.4444444444444446	0.5440834448845875	2.424709113324435	
0.8	100035	0.6966101694915254	0.7115192868009987	7	4.516483516483516	0.6852069128843911	91	51	590	417	500	590	0.06205302633874063	0.053296703296703295	88	3	10.017540737946234	5.7015621187164305	183.26143380429093	117.14973122921067	2.6043956043956045	0.5260437420303891	2.5043851844865586	
0.8	99658	0.7094594594594594	0.692658201057058	7	4.516129032258065	0.7126039365927265	93	52	592	415	500	592	0.0670975176059024	0.056390726530079635	88	5	9.490682570010392	5.269664615731099	238.27565284178186	115.6728594355983	2.6236559139784945	-0.2693263221011745	2.372670642502598	
0.8	99699	0.7408637873754153	0.7598464948473707	7	4.330097087378641	0.6135737984203868	103	54	602	415	500	602	0.04449838187702265	0.03762135922330097	97	6	10.319385368636526	6.297175824451199	180.27041146555712	128.63074717198884	2.4466019417475726	0.6102277993794148	2.5798463421591316	
0.9	112166	0.40687160940325495	0.5436696154699967	5	4.166666666666667	0.37267799624996495	54	45	553	448	500	553	0.023809523809523808	0.020833333333333332	54	0	6.732050807568875	2.7320508075688776	198.43703703703704	119.89902587609151	2.1666666666666665	0.4058274195579777	1.6830127018922187	
0.9	112093	0.4010889292196007	0.5784379532636188	6	4.25	0.5142208445046514	52	39	551	452	500	551	0.03434065934065934	0.029326923076923077	52	0	8.249140538129547	4.24914053812955	260.0820512820513	111.83414449274747	2.25	0.5151009997331216	2.0622851345323867	
0.9	112206	0.39090909090909093	0.5640028134271309	6	4.215686274509804	0.49759127609605963	51	41	550	452	500	550	0.029411764705882353	0.024999999999999998	50	1	8.131312518250573	4.099647729675864	242.02875816993466	116.58030066920546	2.235294117647059	0.46320141740942966	2.032828129562643	
0.9	112295	0.3706422018348624	0.5504464830445094	6	4.391304347826087	0.6419488287058	46	37	545	455	500	545	0.04736024844720497	0.04021739130434782	44	2	8.000000000000004	3.3722813232690156	243.86521739130433	120.5971602413841	2.4130434782608696	-0.2965351654086268	2.000000000000001	
0.9	112110	0.397459165154265	0.56510192587402	6	4.211538461538462	0.5312010506512743	52	42	551	451	500	551	0.028159340659340656	0.02355769230769231	51	1	9.694019279929414	5.2696646157311	241.23076923076923	119.1979578508732	2.25	0.543599560054668	2.4235048199823535	
0.9	112314	0.3596330275229358	0.5642433052620438	6	4.260869565217392	0.5289358721998452	46	34	545	458	500	545	0.035714285714285705	0.03043478260869565	45	1	7.713584661871097	3.372281323269014	193.39384057971012	117.54658847992684	2.3043478260869565	0.4371873092854593	1.9283961654677741	
0.9	112317	0.47957371225577267	0.6056499784789167	6	4.21875	0.4831132760543846	64	48	563	442	500	563	0.030133928571428572	0.02578125	63	1	8.323404276086485	4.249140538129551	214.51432291666669	133.21072093011927	2.21875	0.5105051247285348	2.0808510690216213	
0.9	112360	0.3770491803278688	0.5448062767481756	6	4.14	0.4004996878900157	50	41	549	453	500	549	0.019285714285714285	0.0165	50	0	6.732050807568875	2.7320508075688776	230.57666666666665	141.1891686512972	2.14	0.40582741955797785	1.6830127018922187	
0.9	112282	0.33579335793357934	0.5482033870827683	5	4.232558139534884	0.42246284010662677	43	33	542	460	500	542	0.03322259136212624	0.029069767441860465	42	1	7.713584661871097	3.3722813232690143	252.41860465116278	128.51713215956119	2.255813953488372	0.43718730928545935	1.9283961654677741	
0.9	112509	0.34317343173431736	0.5298641155914828	6	4.325581395348837	0.5158389072748566	43	36	542	458	500	542	0.04568106312292359	0.03953488372093023	42	1	8.13131251825057	3.7664354838527068	223.3926356589147	122.75715435148572	2.3255813953488373	0.4632014174094301	1.6262625036501142	
0.9	112528	0.41379310344827586	0.5516106961414257	8	4.384615384615385	0.7634397400492003	52	43	551	450	500	551	0.049587912087912085	0.04107142857142857	51	1	9.512139946677195	3.3722813232690143	244.4610576923077	130.96706788546464	2.423076923076923	0.3545239391107811	1.902427989335439	
0.9	112282	0.3626373626373626	0.5450372205554833	6	4.212765957446808	0.4583118984795322	47	38	546	455	500	546	0.02963525835866261	0.02553191489361702	46	1	7.9999999999999964	3.372281323269014	221.72517730496455	119.90756195739563	2.234042553191489	0.4215351654086269	1.9999999999999991	
0.9	112238	0.34501845018450183	0.5127193074387548	6	4.348837209302325	0.5658383749114623	43	37	542	457	500	542	0.042358803986710956	0.03662790697674419	43	0	6.732050807568878	2.7320508075688776	257.4124031007752	133.73024373363398	2.3255813953488373	0.40582741955797774	1.6830127018922194	
0.9	112216	0.43345323741007197	0.5915133769843162	6	4.228070175438597	0.4595017843406595	57	43	556	448	500	556	0.03195488721804511	0.02763157894736842	54	3	7.9999999999999964	3.3722813232690156	196.9558479532164	112.82850005158762	2.245614035087719	0.4215351654086269	1.9999999999999991	
0.9	112357	0.32717190388170053	0.552411237779117	5	4.214285714285714	0.41032590332414487	42	30	541	461	500	541	0.03061224489795918	0.026785714285714284	40	2	8.281861217745178	3.909515966155949	233.39642857142857	149.8025054597112	2.261904761904762	0.47205765266619076	2.0704653044362944	
0.9	112089	0.47950089126559714	0.6059924466234085	8	4.338709677419355	0.6706652543965094	62	47	561	442	500	561	0.04504608294930875	0.03807603686635945	61	1	9.701562118716431	5.7015621187164305	194.09005376344084	128.8890190571317	2.3548387096774195	0.20615236758022323	2.425390529679108	
0.9	112299	0.3277777777777778	0.4962513799464596	6	4.317073170731708	0.5150905385839726	41	38	540	458	500	540	0.04442508710801393	0.03841463414634146	40	1	7.999999999999997	3.3722813232690143	238.6410569105691	122.38418263200329	2.341463414634146	0.42153516540862696	1.9999999999999993	
0.9	112316	0.36813186813186816	0.5430302552056112	5	4.276595744680851	0.447314809396354	47	39	546	455	500	546	0.03951367781155015	0.034574468085106384	44	3	7.857675303330326	3.4608673247831008	231.28085106382977	123.12713095820553	2.3404255319148937	0.4404441760677332	1.9644188258325814	
0.9	112158	0.4362657091561939	0.6006989236740254	5	4.189655172413793	0.39202817244489907	58	42	557	448	500	557	0.027093596059113295	0.023706896551724137	56	2	7.713584661871097	3.372281323269015	272.3215517241379	119.58213528210071	2.206896551724138	0.4371873092854593	1.9283961654677741	
0.9	112232	0.3614678899082569	0.5136500534501179	5	4.282608695652174	0.4502677212436517	46	42	545	455	500	545	0.04037267080745341	0.035326086956521736	45	1	7.999999999999998	3.372281323269014	213.10760869565215	135.73350326834955	2.3043478260869565	0.42153516540862684	1.9999999999999996	
