p	E	Mean edge participation	Std edge participation	Largest cycle size	Mean cycle size	Std cycle size	Number of cycles	Number cycle connected components	Number of TR edges	Longest path	Number of nodes	Number of edges	Balance	Balance_norm	Number_diamonds	Number_mixers	Largest eigenvalue M_C	Largest eigenvalue A_C	Mean cycle height	Std cycle height	Mean stretch	eigenvalue_ratio	Largest M_C by corr size
0.1	12547	3.033404407	1.601223323	6	4.700440529	0.575299026	908	1	1407	85	500	1407	0.105051907	0.085419658	599	309	23.92747792	18.83898493	37.45389134	23.11482616	7.385462555	0.787336843	5.981869479
0.1	12456	3.05	1.686183349	6	4.73917869	0.534811461	901	1	1400	86	500	1400	0.113305896	0.092488453	594	307	23.34798653	18.58224557	39.33512764	23.98139201	7.839067703	0.795882144	5.836996632
0.1	12398	3.082556591	1.706836528	6	4.616151545	0.555241807	1003	1	1502	79	500	1502	0.09213766	0.07590087	692	311	26.54254409	21.6836775	37.63022599	21.9578261	7.393818544	0.816940435	6.635636022
0.1	12481	3.076079507	1.705644215	6	4.675	0.532877409	960	1	1459	86	500	1459	0.103101879	0.084926708	654	306	27.01976519	22.27503398	40.89743056	23.01409893	8.532291667	0.824397763	5.403953038
0.1	12534	3.007919366	1.632312508	7	4.694382022	0.541400504	890	1	1389	84	500	1389	0.107044552	0.087359061	575	315	22.60431758	17.6886893	40.09785982	25.50009014	7.046067416	0.782535869	4.520863517
0.1	12291	3.093539704	1.660238429	6	4.657548126	0.515466233	987	1	1486	81	500	1486	0.102031115	0.084040867	679	308	24.40965374	19.66315554	37.54436001	21.21406162	7.730496454	0.805548319	4.881930747
0.1	12511	3.020625889	1.633225837	7	4.68246968	0.544139133	907	1	1406	91	500	1406	0.103528175	0.085108926	611	296	21.80321893	16.93948665	43.96919725	25.67898008	7.863285557	0.776925953	5.450804732
0.1	12403	3.038598999	1.593391385	6	4.723333333	0.531360936	900	1	1399	89	500	1399	0.111690983	0.090988653	579	321	23.81315471	18.90956695	40.04668519	23.96707399	8.034444444	0.794080717	5.953288677
0.1	12355	3.086565097	1.61797798	7	4.716402116	0.553961937	945	1	1444	85	500	1444	0.108177615	0.08853886	645	300	22.05612346	17.26932375	40.26152431	20.81838073	7.934391534	0.782971848	4.411224692
0.1	12369	3.096602265	1.628974956	6	4.638722555	0.535391704	1002	1	1501	82	500	1501	0.098100626	0.080801051	695	307	24.0470266	19.34665465	44.62303726	21.44775241	7.893213573	0.804534172	4.809405321
0.1	12602	3.00942029	1.56799455	7	4.713961407	0.581514593	881	1	1380	83	500	1380	0.1076952	0.087449052	588	293	22.30989041	17.55396174	37.90561051	22.84672447	6.847900114	0.786824203	5.577472602
0.1	12596	3.054747055	1.571725877	7	4.669491525	0.553189285	944	1	1443	89	500		0.102201322		626	318	22.57456042		36.38432203	24.37516514	8.081567797		5.643640104
0.1	12352	3.073611111	1.654160836	7	4.703506908	0.553491888	941	1	1440	78	500		0.105291897		628	313	24.64072454		35.99690299	20.42493395	7.312433581		6.160181134
0.1	12448	3.046896552	1.688666283	6	4.645636172	0.530439762	951	1	1450	87	500		0.098935566		648	303	23.65897402		41.23264984	23.9467568	8.245005258		5.914743506
0.1	12446	3.066894198	1.638580166	6	4.651138716	0.543580785	966	1	1465	76	500		0.098181903		653	313	25.51813198		40.73338509	22.16719571	7.350931677		5.103626397
0.1	12517	3.069320522	1.657742929	7	4.668058455	0.580154206	958	1	1457	85	500		0.099922124		640	318	24.83249948		40.75309921	24.06453664	7.551148225		4.966499896
0.1	12470	3.036749117	1.619686539	7	4.691048035	0.552452446	916	1	1415	81	500		0.105421095		597	319	23.64396047		38.25387555	21.48504927	7.070960699		5.910990117
0.1	12354	3.073946095	1.624596652	7	4.691983122	0.541582179	948	1	1447	85	500		0.105324354		632	316	22.92026251		42.29893761	21.02636024	7.754219409		5.730065629
0.1	12443	3.083113456	1.652839506	6	4.595870206	0.559974939	1017	1	1516	82	500		0.08939284		708	309	23.79840049		38.90481809	21.29475299	7.362831858		5.949600123
0.1	12615	3.038650738	1.648883054	6	4.67965368	0.551638144	924	1	1423	83	500		0.103017818		609	315	24.12792161		36.54292929	22.0158387	7.325757576		4.825584322
0.2	24940	2.560798548	1.365715311	10	4.679933665	0.685344326	603	2	1102	155	500	1102	0.096466155	0.079044271	437	166	20.23457347	14.67001247	75.12623983	41.80034292	5.701492537	0.724997366	5.058643367
0.2	24846	2.579136691	1.394050814	7	4.67862969	0.630505182	613	1	1112	139	500	1112	0.095965156	0.078551603	435	178	21.08208959	16.13080138	70.21585101	38.38324023	5.032626427	0.765142436	5.270522397
0.2	24947	2.663256607	1.383123946	7	4.635014837	0.596992524	674	1	1173	150	500	1173	0.094497321	0.077461458	455	219	20.17346844	15.48252998	76.42086689	43.49003042	6.169139466	0.767469908	5.043367111
0.2	24961	2.626814688	1.464034533	7	4.577380952	0.633837742	672	1	1171	145	500	1171	0.081630996	0.066774691	478	194	22.35038175	17.9883776	75.78723073	37.60328065	5.858630952	0.804835363	5.587595438
0.2	24886	2.630983464	1.429983838	8	4.650769231	0.648933581	650	1	1149	155	500	1149	0.091506696	0.074911484	456	194	22.9105371	17.97373822	71.00157692	43.90894605	5.910769231	0.784518414	4.58210742
0.2	24811	2.672033898	1.388230528	8	4.629955947	0.644357526	681	2	1180	139	500	1180	0.087984597	0.072425582	486	195	19.06115148	14.4860869	62.66537305	39.78144583	5.505139501	0.759979633	4.76528787
0.2	24857	2.613298338	1.415783379	9	4.638198758	0.636250066	644	1	1143	144	500	1143	0.091872403	0.075882518	466	178	22.58699343	18.00503763	69.96584714	42.84332055	5.097826087	0.797141846	3.764498905
0.2	25022	2.627927147	1.458706179	7	4.633027523	0.59550637	654	1	1153	141	500	1153	0.093179505	0.076715766	477	177	19.39333105	14.67311888	71.4193243	40.27944812	5.22324159	0.756606425	4.848332763
0.2	25013	2.680602007	1.320025199	7	4.599713056	0.600477981	697	1	1196	141	500	1196	0.08547013	0.070236677	503	194	18.98001766	14.02129291	70.46868552	38.13391302	5.450502152	0.738739719	4.745004415
0.2	25022	2.59504863	1.318618719	8	4.643987342	0.65228075	632	1	1131	152	500	1131	0.090234674	0.074068461	444	188	18.39937108	13.66766367	80.49549804	41.85971103	5.615506329	0.742833198	4.599842771
0.2	24911	2.589928058	1.414533757	8	4.698205546	0.677255793	613	1	1112	157	500	1112	0.097802879	0.079621327	432	181	21.99774119	17.05773088	74.86714635	45.28434441	6.300163132	0.775431019	4.399548239
0.2	25001	2.699834163	1.363264777	7	4.605374823	0.623558678	707	1	1206	136	500	1206	0.085364711	0.070476389	504	203	20.60026616	15.97847878	67.11299589	37.35084121	5.189533239	0.775644288	3.433377693
0.2	24900	2.687817259	1.377792371	7	4.651537335	0.608704413	683	1	1182	140	500	1182	0.093929076	0.077141282	485	198	19.93976974	15.1111341	64.5826675	39.10787406	5.617862372	0.742651677	4.984942435
0.2	25173	2.648854962	1.422175624	7	4.592647059	0.625632898	680	1	1179	150	500	1179	0.083969622	0.06917216	483	197	21.46153027	17.00115331	79.22860644	41.55051453	5.679411765	0.792168736	5.365382568
0.2	25244	2.675972927	1.471355842	8	4.631039531	0.661669615	683	1	1182	150	500	1182	0.090317678	0.073587608	492	191	21.70720192	16.81243737	75.94655755	40.92510449	5.710102489	0.77450965	5.42680048
0.2	24877	2.677908938	1.467742302	7	4.622998544	0.609670519	687	1	1186	145	500	1186	0.091416539	0.075179647	488	199	21.67632354	16.87331179	75.11485756	40.5417188	5.870451237	0.778421292	5.419080886
0.2	25053	2.724937862	1.4565452	7	4.645480226	0.598981641	708	1	1207	142	500	1207	0.093659897	0.077475216	503	205	20.60469408	15.72991818	70.30502758	38.92611594	6.060734463	0.763414303	5.151173521
0.2	24998	2.60838537	1.388457958	7	4.70096463	0.656869979	622	1	1121	156	500	1121	0.097573202	0.079509846	426	196	21.06774417	16.1579421	78.24304854	44.87050947	5.709003215	0.766951695	5.266936044
0.2	25160	2.639514731	1.3725579	7	4.650381679	0.645521748	655	1	1154	143	500	1154	0.092533349	0.076197554	482	173	20.48626557	15.6004139	74.34656125	40.06125206	5.221374046	0.761505988	5.121566394
0.2	24981	2.721903199	1.451633456	8	4.608333333	0.600404956	720	1	1219	139	500	1219	0.088848095	0.072983847	510	210	21.75629964	16.89417101	62.87541667	36.86191161	5.6125	0.776518585	4.351259929
0.3	37421	2.362119725	1.257510439	8	4.628846154	0.706245909	520	2	1019	195	500	1019	0.086496128	0.071269778	402	118	18.93859792	14.21478528	86.73065934	53.70896247	4.338461538	0.750572209	3.787719584
0.3	37736	2.287169043	1.178135125	7	4.65010352	0.710564315	483	4	982	208	500	982	0.08634508	0.070946356	363	120	18.79091039	13.94133249	103.4171547	57.18132704	4.31884058	0.741918949	3.758182078
0.3	37181	2.263048017	1.153062501	9	4.723311547	0.728894119	459	2	958	204	500	958	0.09861633	0.079935772	334	125	17.55415517	12.20005722	106.2912992	57.38803665	4.468409586	0.694995407	4.388538792
0.3	37160	2.391601563	1.362144368	9	4.664761905	0.705081009	525	1	1024	193	500	1024	0.090748482	0.074349598	388	137	20.49364026	15.75918996	99.51790023	55.52054142	4.836190476	0.768979535	5.123410066
0.3	37420	2.316950853	1.324805215	8	4.638554217	0.70702124	498	1	997	199	500	997	0.088646888	0.072336885	365	133	21.40694186	16.72644512	102.3013722	59.0916383	4.624497992	0.781356124	4.281388371
0.3	37518	2.355339806	1.280149275	8	4.56873823	0.68648653	531	2	1030	188	500	1030	0.076397957	0.063238518	408	123	18.52888471	14.01271929	95.8651242	56.27979831	4.271186441	0.756263505	4.632221178
0.3	37543	2.335984095	1.225328039	9	4.635108481	0.701498915	507	1	1006	195	500	1006	0.087598745	0.071711058	376	131	18.37904311	13.83413154	95.40679065	52.5385531	4.552268245	0.752712285	4.594760777
0.3	37336	2.518716578	1.339815	8	4.53611557	0.608839909	623	1	1122	172	500	1122	0.078361363	0.065080267	467	156	18.72145985	13.90076348	88.52182221	45.06088577	4.555377207	0.742504249	2.674494264
0.3	37457	2.307692308	1.235630581	10	4.662576687	0.739376227	489	1	988	204	500	988	0.089467081	0.073413927	373	116	17.28795637	12.47308054	101.6034132	56.74723098	4.807770961	0.683146746	4.321989093
0.3	37521	2.311871227	1.177129441	8	4.642424242	0.721543087	495	1	994	198	500	994	0.084088153	0.069391576	383	112	17.76258245	12.92449278	101.9918759	52.8759197	4.319191919	0.727624647	3.552516489
0.3	37274	2.340659341	1.17705128	8	4.667330677	0.687747381	502	2	1001	198	500	1001	0.093742225	0.076517963	357	145	17.43568993	12.55814597	103.0881782	54.94515244	4.605577689	0.720255179	2.905948322
0.3	37506	2.394957983	1.286986061	7	4.484265734	0.574605964	572	1	1071	192	500	1071	0.073687588	0.06081198	430	142	18.27911462	13.73808734	95.40444139	56.16555636	4.575174825	0.701013923	4.569778654
0.3	37420	2.391263058	1.240653421	9	4.545126354	0.626392804	554	1	1053	179	500	1053	0.078835412	0.065312853	418	136	17.19910486	12.50541538	85.66004384	51.33138421	4.247292419	0.727096874	4.299776216
0.3	37653	2.305220884	1.144750921	11	4.61971831	0.716472974	497	1	996	199	500	996	0.086823624	0.071127771	391	106	16.98580742	12.23469152	94.00729485	57.40773444	4.503018109	0.720289076	4.246451854
0.3	37396	2.396551724	1.25862069	8	4.590825688	0.666022189	545	1	1044	184	500	1044	0.08369316	0.068640077	417	128	17.59615129	12.98163335	93.79738751	53.09009977	4.387155963	0.737754134	4.399037824
0.3	37246	2.253164557	1.245769426	8	4.757238307	0.8289567	449	2	948	216	500	948	0.098636805	0.080458622	337	112	18.6965704	13.82663389	110.7492152	58.43363523	4.917594655	0.739527817	3.73931408
0.3	37598	2.301522843	1.206348569	8	4.664609053	0.783486032	486	3	985	202	500	985	0.085513541	0.068988024	348	138	17.40301425	12.13676689	98.72906379	59.55021609	4.563786008	0.583440312	4.350753562
0.3	37319	2.32970297	1.24963714	8	4.604696673	0.682674503	511	3	1010	191	500	1010	0.082993893	0.068461384	387	124	19.02452901	14.28976855	93.89575529	56.38889892	4.285714286	0.751123381	3.804905803
0.3	37385	2.363006924	1.27044174	9	4.666015625	0.747245818	512	1	1011	197	500	1011	0.088005505	0.072079223	381	131	17.95443035	13.02149553	97.82371807	56.09825759	4.53125	0.725252502	3.59088607
0.3	36969	2.338613861	1.236488985	9	4.622309198	0.737724957	511	2	1010	192	500	1010	0.083748273	0.068540293	387	124	18.29722923	13.28573794	91.88253813	54.44271708	4.334637965	0.726106548	3.659445845
0.4	49882	2.010250569	1.098200923	9	4.656992084	0.836831836	379	5	878	249	500	878	0.084909096	0.069169418	300	79	17.03718452	12.40025653	119.4878408	73.50898164	4.065963061	0.727834844	3.407436903
0.4	49595	2.057110862	1.126931511	9	4.662436548	0.818727595	394	6	893	244	500	893	0.088459297	0.072623286	316	78	16.6571361	12.12971487	122.8694102	69.47436058	3.756345178	0.728199301	4.164284025
0.4	49646	2.004545455	1.035715507	9	4.62992126	0.814596011	381	9	880	237	500	880	0.079834652	0.06602644	314	67	14.93501788	10.3504427	122.0529913	66.63356508	3.446194226	0.141505069	3.733754471
0.4	49816	2.060538117	1.077038656	10	4.676844784	0.787884221	393	7	892	236	500	892	0.089092395	0.073116226	315	78	17.43427575	12.98822492	123.4130498	67.39647668	3.603053435	0.74498219	4.358568936
0.4	49743	2.060572687	1.142717076	9	4.574572127	0.772345284	409	8	908	240	500	908	0.072438425	0.060203008	332	77	18.25523673	14.03644371	129.7446433	65.31860603	3.613691932	0.768899572	3.651047347
0.4	50079	1.953379953	1.037824961	8	4.668523677	0.771270914	359	10	858	252	500	858	0.092430433	0.075366424	283	76	16.46813062	11.65824446	127.721097	71.61931411	3.713091922	0.412416447	4.117032655
0.4	49967	2.13601741	1.08806855	8	4.673809524	0.717654753	420	1	919	242	500	919	0.091884609	0.075429199	316	104	16.56090177	11.46414655	118.2130442	69.3889611	4.221428571	0.691358804	4.140225441
0.4	49558	2.019318182	1.058875685	10	4.664041995	0.846480091	381	8	880	245	500	880	0.087068188	0.071156346	296	85	16.22228978	10.31554007	116.510882	68.34054613	3.837270341	0.545623833	4.055572444
0.4	49830	2.016685206	1.076986341	10	4.5325	0.767426707	400	6	899	241	500	899	0.07005015	0.057984582	331	69	14.90547814	10.4834595	115.8623125	70.93222485	3.465	0.588224548	3.726369536
0.4	49987	2.034675615	1.046954172	9	4.605063291	0.743562879	395	7	894	247	500	894	0.082368052	0.06780069	306	89	15.65425275	11.2654158	118.2649437	65.65306847	3.691139241	0.71963932	3.13085055
0.4	49789	2.017837235	1.137049422	10	4.547738693	0.730857837	398	12	897	244	500	897	0.074172455	0.060855633	309	89	15.78468184	11.1399913	128.4231246	67.38050324	3.793969849	0.705746965	3.946170461
0.4	49564	2	1.053234222	9	4.764542936	0.891613977	361	6	860	246	500	860	0.092831854	0.074776384	290	71	19.5301991	14.64887716	126.3319769	71.70288536	4.08033241	0.750062869	4.882549775
0.4	50060	1.970963995	1.103407298	8	4.687845304	0.840492028	362	7	861	252	500	861	0.083312652	0.068149952	297	65	18.60724569	13.67477514	130.1835931	70.29859148	3.848066298	0.734916675	3.721449138
0.4	49892	2.020618557	0.999214391	8	4.71657754	0.763395909	374	6	873	243	500	873	0.098454729	0.079595317	291	83	15.56377571	11.11563226	132.9757862	70.03782566	3.989304813	0.71419895	3.112755141
0.4	49806	2.030405405	1.064464429	8	4.63496144	0.702848637	389	11	888	248	500	888	0.088632871	0.073402533	305	84	17.17116638	12.62302163	131.4953636	72.30715937	4.048843188	0.735128957	3.434233276
0.4	49619	2.134929271	1.067508449	10	4.671428571	0.784761327	420	2	919	231	500	919	0.088218323	0.071910685	323	97	15.94379005	10.59524588	119.5163719	66.83403633	3.973809524	0.662931882	3.188758009
0.4	49666	1.985091743	1.083024876	8	4.64075067	0.847422507	373	7	872	250	500	872	0.081684705	0.067206335	295	78	15.6736454	10.94847616	118.3710711	73.10641352	4.013404826	0.689471156	3.134729081
0.4	50262	2.048260382	1.063064627	8	4.655612245	0.763497011	392	6	891	245	500	891	0.080551616	0.066287904	313	79	14.86610572	10.21196524	124.743835	70.03296561	3.788265306	0.657881168	2.973221143
0.4	49794	2.016	1.096371157	10	4.691489362	0.841434891	376	6	875	245	500	875	0.0918256	0.074465952	293	83	15.85403914	10.78569185	110.5310442	65.17718751	3.997340426	0.648236347	3.170807828
0.4	50199	2.018058691	1.085358676	8	4.620155039	0.738674682	387	11	886	249	500	886	0.082777491	0.068421695	311	76	15.21663455	10.66860993	125.1534761	70.56796389	3.92248062	0.69645025	3.043326909
0.5	62655	1.770471464	0.992863631	10	4.648208469	0.819164814	307	20	806	289	500	806	0.081672089	0.066924883	249	58	15.20428048	10.58133157	133.1161289	78.6642276	3.459283388	0.69594425	3.801070121
0.5	62393	1.66709347	0.955772477	8	4.617021277	0.809163603	282	25	781	305	500	781	0.08186002	0.067058814	233	49	14.58812004	9.947496179	146.3355201	84.9461131	3.553191489	0.069395775	2.084017149
0.5	62132	1.588	0.895687445	9	4.74501992	0.882953381	251	27	750	313	500	750	0.094985328	0.078294755	207	44	13.67755439	8.942152563	152.2520142	93.30335336	3.358565737	-0.073112486	2.735510878
0.5	62658	1.847721823	1.018804415	9	4.6	0.803722682	335	17	834	277	500	834	0.077654518	0.063769543	274	61	16.28946951	11.90876425	130.0605733	81.68624821	3.510447761	0.731071337	3.257893902
0.5	62405	1.689001264	0.951075186	9	4.575342466	0.783700534	292	30	791	294	500	791	0.077191383	0.063636062	250	42	14.62664336	10.28701225	152.7890846	91.31470314	3.297945205	0.703306425	3.656660839
0.5	62191	1.761670762	0.954598419	8	4.552380952	0.712442065	315	19	814	281	500	814	0.075163126	0.062276075	268	47	13.9988065	8.791456722	139.5289796	77.53217328	3.250793651	0.628014733	2.7997613
0.5	62554	1.728301887	0.959109393	10	4.641891892	0.873870971	296	19	795	286	500	795	0.079932731	0.065032724	249	47	15.93039614	11.69613579	141.7951858	79.40913054	3.364864865	0.734202445	2.655066023
0.5	62135	1.684546616	0.917464309	9	4.644366197	0.789635738	284	24	783	297	500	783	0.084049753	0.069203201	234	50	14.1967624	9.921033696	152.1055751	83.75094481	3.440140845	0.491888433	2.83935248
0.5	62278	1.689655172	0.974506593	7	4.658450704	0.777929987	284	23	783	286	500	783	0.086012625	0.071198046	241	43	15.23734814	10.86879963	132.1849178	85.91468383	3.225352113	0.713299948	3.809337036
0.5	62635	1.824879227	1.043502723	9	4.592705167	0.782448989	329	19	828	271	500	828	0.078013831	0.064052552	270	59	15.77436889	11.5295155	150.5682105	78.03206361	3.32218845	0.730901856	3.943592222
0.5	62546	1.738423029	1.0352549	10	4.63	0.848390633	300	23	799	292	500	799	0.078080108	0.064639446	251	49	14.14974949	9.78479426	146.3489127	81.81495714	3.44	0.691517137	3.537437372
0.5	62464	1.749690211	0.989058746	9	4.584415584	0.770404673	308	24	807	284	500	807	0.073763362	0.061534397	253	55	16.30538094	12.03308981	129.5604347	76.42800357	3.211038961	0.737982747	4.076345236
0.5	62716	1.711223203	0.992322427	9	4.615646259	0.832110723	294	24	793	293	500	793	0.078364074	0.064293162	247	47	15.91705391	11.71062261	141.4360031	83.18846156	3.268707483	0.735728023	3.979263477
0.5	62345	1.754098361	0.974484816	10	4.731292517	0.936363114	294	22	793	290	500	793	0.09404872	0.076247032	239	55	17.92371713	13.22123584	145.8376714	82.40145876	3.959183673	0.737639171	4.480929284
0.5	62736	1.824242424	0.945493395	7	4.616564417	0.732820738	326	19	825	279	500	825	0.082440401	0.068389339	268	58	14.60625373	9.886842347	141.5668858	74.77636163	3.487730061	0.676891045	3.651563431
0.5	62476	1.720050441	0.951438281	8	4.639455782	0.732580735	294	20	793	291	500	793	0.08575116	0.070633749	242	52	13.45091344	8.713154352	148.2228296	87.70259785	3.479591837	0.394943916	2.690182687
0.5	62359	1.776412776	1.014215378	7	4.59047619	0.797160494	315	21	814	283	500	814	0.075359922	0.060833601	250	65	15.09930311	10.10154185	145.8124792	86.90654416	3.457142857	0.19557711	3.774825777
0.5	62139	1.822600243	0.936695956	9	4.62962963	0.731891587	324	19	823	271	500	823	0.084915478	0.070246218	269	55	14.71619129	9.514036487	133.4991892	78.52750849	3.320987654	0.646501279	3.679047824
0.5	62618	1.786764706	0.990702525	9	4.599369085	0.855709851	317	18	816	280	500	816	0.074968583	0.06088701	263	54	13.7892899	9.346365876	143.4232224	80.00176236	3.425867508	0.159911886	2.757857979
0.5	62407	1.751545117	0.993837979	9	4.570967742	0.786865381	310	18	809	282	500	809	0.076489918	0.062612792	265	45	14.25156179	9.969478104	146.1193113	81.2069031	3.222580645	-0.038630572	2.850312358
0.6	74916	1.457765668	0.796954981	7	4.553191489	0.70886516	235	45	734	318	500	734	0.070926538	0.059190987	207	28	12.98962196	7.332310826	147.1043364	95.26076285	2.910638298	0.564474536	2.597924392
0.6	74945	1.531125828	0.943446228	9	4.515625	0.755028714	256	43	755	319	500	755	0.068555001	0.056814145	224	32	13.32159175	9.135906046	155.7229895	95.1071486	2.98828125	-0.173678751	3.330397936
0.6	74853	1.278664731	0.900327607	9	4.636842105	0.852062838	190	43	689	354	500	689	0.079068654	0.065302799	157	33	14.336797	10.10377081	178.2308229	99.55519433	3.084210526	-0.000835371	2.867359399
0.6	75044	1.478968792	0.851149766	9	4.579831933	0.761420591	238	39	737	326	500	737	0.07735273	0.063783171	206	32	13.70446438	9.379064447	155.4350874	97.47257001	3.12605042	0.684380227	3.426116096
0.6	74911	1.386459803	0.927643187	8	4.680952381	0.866365725	210	42	709	345	500	709	0.084995539	0.06980391	177	33	14.27457588	9.825389815	177.8367234	107.6542348	3.2	0.688313958	2.854915175
0.6	74627	1.446132597	0.892648901	10	4.653333333	0.906666667	225	40	724	330	500	724	0.082624568	0.067356734	196	29	12.65511628	8.056518013	171.7569771	99.52614541	3.177777778	0.442998413	3.16377907
0.6	74821	1.346045198	0.838867718	8	4.559808612	0.781062925	209	46	708	335	500	708	0.071452814	0.059137571	179	30	12.66693807	8.030526508	170.5789018	88.97244898	3.028708134	0.097527974	3.166734518
0.6	74836	1.428965517	0.945108441	8	4.584070796	0.800726039	226	41	725	335	500	725	0.075217184	0.06191489	186	40	12.97767364	8.262008532	166.4497103	104.1006943	3.110619469	0.636632478	3.24441841
0.6	74849	1.396121884	0.874942928	7	4.520179372	0.694821308	223	40	722	327	500	722	0.066664346	0.05587391	193	30	13.52106287	8.954016328	152.983312	88.41290722	2.829596413	0.662227253	2.704212574
0.6	74923	1.42679558	0.859718705	9	4.591111111	0.755372527	225	49	724	328	500	724	0.079033866	0.065890549	193	32	15.36105497	11.03156398	163.3483739	98.35567266	2.924444444	0.718151455	3.840263742
0.6	74918	1.402816901	0.826322556	9	4.720379147	0.994063826	211	40	710	333	500	710	0.08193281	0.066783412	177	34	13.52252852	7.986944068	162.1748721	88.14728998	3.127962085	0.249382452	3.38063213
0.6	74944	1.459644323	0.893478047	8	4.599137931	0.753497099	232	41	731	328	500	731	0.081034676	0.066858045	200	32	13.96503776	9.212351456	176.9121562	96.97732717	3.103448276	-0.289736631	3.491259439
0.6	74517	1.440934066	0.89062591	9	4.580786026	0.845629552	229	40	728	336	500	728	0.07293811	0.059508445	193	36	12.29193888	7.972869733	177.7627296	101.7952173	2.991266376	0.648625885	2.458387777
0.6	74750	1.308802309	0.867828314	8	4.675257732	0.886732788	194	48	693	344	500	693	0.082056736	0.067777211	177	17	16.50897696	12.37629253	173.512408	98.36128167	3.06185567	0.749670471	4.127244239
0.6	74817	1.49255751	0.861685627	8	4.595833333	0.836151485	240	41	739	321	500	739	0.073543107	0.060849295	216	24	13.51612446	9.339722572	177.5100843	89.85712598	3.066666667	0.691005961	2.703224893
0.6	75048	1.469635628	0.948446277	6	4.5	0.604733395	242	42	741	328	500	741	0.069530685	0.058315009	197	45	15.21483881	10.75263471	168.7887052	94.94310179	3.049586777	0.006100125	3.803709704
0.6	74616	1.521970706	0.916912758	9	4.535714286	0.778374811	252	38	751	318	500	751	0.070992688	0.058895198	215	37	13.34253828	8.864002728	153.3967467	100.1720749	2.920634921	0.664341562	3.335634571
0.6	74794	1.419444444	0.821015443	8	4.624434389	0.876614359	221	40	720	335	500	720	0.083000696	0.067710697	189	32	12.37281743	7.368226633	161.1213478	96.68489393	3.190045249	-0.073070926	1.546602179
0.6	74802	1.361971831	0.876912991	11	4.582938389	0.92694928	211	39	710	337	500	710	0.072962341	0.06016516	187	24	14.00646865	8.092899592	165.5745842	100.5890228	3.028436019	0.469324974	2.801293729
0.6	74850	1.418181818	0.886545615	9	4.694444444	0.881479536	216	40	715	332	500	715	0.084007931	0.069080333	184	32	13.81379549	9.167861635	172.6162754	95.24371624	3.189814815	0.357166935	2.762759098
0.7	87196	1.182089552	0.83199551	9	4.631578947	0.904147279	171	50	670	368	500	670	0.077428061	0.063763306	151	20	12.3240421	7.266657518	188.9336721	102.8227998	3.005847953	-0.162284418	3.081010524
0.7	87524	1.043209877	0.744102454	10	4.536912752	0.916101237	149	58	648	376	500	648	0.066569062	0.054853581	137	12	10.43293642	5.447319137	166.6838021	105.337159	2.751677852	0.438388034	2.086587284
0.7	87225	1.112121212	0.829113282	7	4.559006211	0.802517162	161	49	660	375	500	660	0.072648434	0.060142936	147	14	12.90202536	8.833206134	172.7297101	105.4323207	2.708074534	0.68463717	3.22550634
0.7	87198	1.041538462	0.760443657	7	4.483443709	0.717374764	151	64	650	377	500	650	0.065397148	0.0543577	139	12	12.24238659	8.11782713	180.7065279	108.109326	2.695364238	0.663091879	3.060596647
0.7	87609	1.089393939	0.850780175	7	4.465838509	0.650189231	161	53	660	373	500	660	0.061643244	0.052033231	144	17	12.46998839	7.952832704	194.6188554	107.6864918	2.714285714	0.637757828	3.117497097
0.7	87305	1.066971081	0.763566566	7	4.436708861	0.669720746	158	56	657	370	500	657	0.059938022	0.050367169	146	12	10.39637084	5.675068914	200.0563743	99.27997593	2.658227848	-0.283156826	2.599092709
0.7	87089	1.187958884	0.839499591	8	4.445054945	0.71464488	182	53	681	355	500	681	0.055725511	0.046837305	168	14	11.51240739	6.436446145	169.2573391	100.5882106	2.576923077	0.559087768	2.878101846
0.7	87354	1.148148148	0.859961399	7	4.403409091	0.604706703	176	58	675	364	500	675	0.057156037	0.048102417	159	17	12.87307366	8.31248042	181.9099567	107.7105446	2.693181818	0.64572616	2.574614732
0.7	87419	0.884057971	0.76523935	7	4.5	0.692465304	122	53	621	394	500	621	0.064851444	0.054597081	113	9	10.32697264	5.730154763	179.0010343	116.4883176	2.721311475	0.537914237	2.065394529
0.7	87257	1.083333333	0.869009072	7	4.440993789	0.685653521	161	59	660	374	500	660	0.056898656	0.047565296	148	13	12.36399058	8.362151248	184.7077788	111.6412598	2.670807453	-0.009056867	3.090997644
0.7	87248	1.134529148	0.784655129	7	4.464705882	0.678615525	170	58	669	370	500	669	0.062219707	0.052400075	154	16	10.21963661	5.981867938	173.4581653	107.4817002	2.741176471	0.484860847	2.554909151
0.7	87416	1.053763441	0.794681128	7	4.513157895	0.743275486	152	59	651	373	500	651	0.065345252	0.054217272	137	15	11.62175991	6.729895808	175.3762218	102.6441544	2.657894737	0.098323902	2.905439977
0.7	87645	1.118796992	0.827729059	7	4.481927711	0.627894661	166	57	665	368	500	665	0.066025762	0.056038255	150	16	10.80105353	6.367918891	187.3316265	100.2480016	2.722891566	-0.229941608	2.160210707
0.7	87117	1.142857143	0.800191304	7	4.439306358	0.699350304	173	54	672	357	500	672	0.053869444	0.04527753	162	11	10.4435611	6.194244877	192.3011974	95.65302389	2.566473988	-0.222415698	2.610890276
0.7	87455	1.218658892	0.92203442	7	4.470588235	0.656470205	187	51	686	361	500	686	0.064283275	0.053844153	160	27	12.66448387	8.263143123	197.6122231	105.7027476	2.796791444	0.247356112	2.532896774
0.7	87287	1.054012346	0.750626865	9	4.583892617	0.867772518	149	59	648	372	500	648	0.07202874	0.059495639	135	14	11.64888428	7.286581519	197.0804943	107.3739821	2.77852349	0.625517547	2.912221071
0.7	87164	1.045101089	0.830683045	11	4.666666667	1.03413947	144	49	643	385	500	643	0.083090347	0.067413628	128	16	12.89473791	8.378589714	178.1238982	107.9808554	3.208333333	0.649768128	3.223684477
0.7	87272	1.015479876	0.819504118	8	4.462585034	0.721601666	147	50	646	379	500	646	0.057091497	0.04820411	134	13	10.82990256	6.401295566	196.6108844	108.1507188	2.761904762	0.089850039	2.70747564
0.7	87593	1.107946027	0.836057613	6	4.398809524	0.608861945	168	56	667	371	500	667	0.055815138	0.047037799	151	17	12.10339875	7.705041142	181.59375	105.2511959	2.732142857	0.636601446	3.025849688
0.7	87530	1.080547112	0.782338288	8	4.471698113	0.698707889	159	61	658	374	500	658	0.065096514	0.05444907	144	15	12.41559685	8.000302974	192.1591494	117.1617808	2.729559748	-0.161087705	2.48311937
0.8	99924	0.788429752	0.676548128	10	4.5	0.860561467	106	63	605	407	500	605	0.06294914	0.052619537	101	5	10.60555128	4.249140538	181.4398697	111.4981298	2.641509434	0.188580485	2.651387819
0.8	99630	0.692047377	0.660657293	7	4.445652174	0.742559183	92	57	591	418	500	591	0.056310275	0.046677582	87	5	8.892185879	3.469039188	196.4125518	119.5120242	2.532608696	-0.266782696	2.22304647
0.8	99857	0.704391892	0.708620402	8	4.483870968	0.756518671	93	53	592	418	500	592	0.061797978	0.051667224	85	8	10.4335511	5.537209098	203.5384665	118.1871283	2.569892473	0.404290607	2.086710219
0.8	99758	0.691919192	0.711404468	6	4.326315789	0.531969632	95	55	594	416	500	594	0.046532784	0.039617633	88	7	9.052031618	4.939234868	214.8247368	126.7348697	2.357894737	0.465993368	2.263007904
0.8	99995	0.716917923	0.651192861	7	4.367346939	0.61258494	98	65	597	412	500	597	0.048003621	0.040758547	92	6	8.737735586	4.218186702	212.4660107	118.0986767	2.428571429	-0.228892255	1.747547117
0.8	99855	0.682432432	0.652822998	7	4.344086022	0.630661432	93	64	592	416	500	592	0.046338966	0.039247312	91	2	10.13554992	6.135549923	189.8919867	119.6280668	2.365591398	-0.121953716	2.533887481
0.8	99791	0.739202658	0.708344682	6	4.32038835	0.610802309	103	60	602	409	500	602	0.040568655	0.034223301	97	6	8.986897675	4.966104878	183.620712	119.1773943	2.368932039	0.48510876	1.797379535
0.8	99657	0.622413793	0.65166712	7	4.456790123	0.72092846	81	53	580	425	500	580	0.061164875	0.050856019	78	3	9.747329204	5.197887732	226.2257496	121.5699087	2.456790123	0.533262766	1.949465841
0.8	99848	0.728643216	0.626120705	7	4.43877551	0.686105938	98	67	597	409	500	597	0.059422474	0.04994222	94	4	8.505246613	4.264425476	210.3187561	125.8520962	2.520408163	-0.086070498	2.126311653
0.8	99766	0.707563025	0.716100512	7	4.385416667	0.635245879	96	56	595	418	500	595	0.046999008	0.040104167	89	7	9.976122803	5.673228135	192.1186012	117.2710154	2.520833333	0.100239343	1.995224561
0.8	99984	0.851132686	0.694761032	7	4.420168067	0.614882626	119	63	618	398	500	618	0.057723089	0.049369748	114	5	9.148893996	4.939234868	197.2271909	105.6311192	2.512605042	0.539872346	2.287223499
0.8	99791	0.611398964	0.635132569	8	4.425	0.787003812	80	56	579	426	500	579	0.05485119	0.045446429	77	3	8.982695082	4.09964773	220.0671429	131.8875759	2.5	0.456393954	2.24567377
0.8	99799	0.593425606	0.669988144	6	4.341772152	0.548555663	79	52	578	430	500	578	0.047468354	0.040822785	75	4	9.828427125	5.701562119	225.7457806	128.9628211	2.430379747	0.580109314	2.457106781
0.8	99866	0.580869565	0.661999035	6	4.394736842	0.629932063	76	50	575	431	500	575	0.054223967	0.045649179	73	3	8.939234868	4.939234868	239.7256579	122.7844356	2.434210526	0.269232039	2.234808717
0.8	99651	0.684121622	0.665169587	7	4.35483871	0.633222876	93	61	592	415	500	592	0.045058884	0.038172043	89	4	9.4514466	5.269664616	210.0926779	106.500373	2.440860215	0.557551118	2.36286165
0.8	99695	0.793442623	0.753106975	6	4.36036036	0.581901091	111	55	610	406	500	610	0.047744081	0.040714753	107	4	9.49068257	5.276976349	185.4384384	113.71293	2.387387387	0.210732999	2.372670643
0.8	99748	0.720735786	0.718092601	7	4.353535354	0.656177041	99	57	598	417	500	598	0.045274067	0.038074117	96	3	9.698836453	5.276976349	198.120683	127.9576751	2.444444444	0.544083445	2.424709113
0.8	100035	0.696610169	0.711519287	7	4.516483516	0.685206913	91	51	590	417	500	590	0.062053026	0.053296703	88	3	10.01754074	5.701562119	183.2614338	117.1497312	2.604395604	0.526043742	2.504385184
0.8	99658	0.709459459	0.692658201	7	4.516129032	0.712603937	93	52	592	415	500	592	0.067097518	0.056390727	88	5	9.49068257	5.269664616	238.2756528	115.6728594	2.623655914	-0.269326322	2.372670643
0.8	99699	0.740863787	0.759846495	7	4.330097087	0.613573798	103	54	602	415	500	602	0.044498382	0.037621359	97	6	10.31938537	6.297175824	180.2704115	128.6307472	2.446601942	0.610227799	2.579846342
0.9	112166	0.406871609	0.543669615	5	4.166666667	0.372677996	54	45	553	448	500	553	0.023809524	0.020833333	54	0	6.732050808	2.732050808	198.437037	119.8990259	2.166666667	0.40582742	1.683012702
0.9	112093	0.401088929	0.578437953	6	4.25	0.514220845	52	39	551	452	500	551	0.034340659	0.029326923	52	0	8.249140538	4.249140538	260.0820513	111.8341445	2.25	0.515101	2.062285135
0.9	112206	0.390909091	0.564002813	6	4.215686275	0.497591276	51	41	550	452	500	550	0.029411765	0.025	50	1	8.131312518	4.09964773	242.0287582	116.5803007	2.235294118	0.463201417	2.03282813
0.9	112295	0.370642202	0.550446483	6	4.391304348	0.641948829	46	37	545	455	500	545	0.047360248	0.040217391	44	2	8	3.372281323	243.8652174	120.5971602	2.413043478	-0.296535165	2
0.9	112110	0.397459165	0.565101926	6	4.211538462	0.531201051	52	42	551	451	500	551	0.028159341	0.023557692	51	1	9.69401928	5.269664616	241.2307692	119.1979579	2.25	0.54359956	2.42350482
0.9	112314	0.359633028	0.564243305	6	4.260869565	0.528935872	46	34	545	458	500	545	0.035714286	0.030434783	45	1	7.713584662	3.372281323	193.3938406	117.5465885	2.304347826	0.437187309	1.928396165
0.9	112317	0.479573712	0.605649978	6	4.21875	0.483113276	64	48	563	442	500	563	0.030133929	0.02578125	63	1	8.323404276	4.249140538	214.5143229	133.2107209	2.21875	0.510505125	2.080851069
0.9	112360	0.37704918	0.544806277	6	4.14	0.400499688	50	41	549	453	500	549	0.019285714	0.0165	50	0	6.732050808	2.732050808	230.5766667	141.1891687	2.14	0.40582742	1.683012702
0.9	112282	0.335793358	0.548203387	5	4.23255814	0.42246284	43	33	542	460	500	542	0.033222591	0.029069767	42	1	7.713584662	3.372281323	252.4186047	128.5171322	2.255813953	0.437187309	1.928396165
0.9	112509	0.343173432	0.529864116	6	4.325581395	0.515838907	43	36	542	458	500	542	0.045681063	0.039534884	42	1	8.131312518	3.766435484	223.3926357	122.7571544	2.325581395	0.463201417	1.626262504
0.9	112528	0.413793103	0.551610696	8	4.384615385	0.76343974	52	43	551	450	500	551	0.049587912	0.041071429	51	1	9.512139947	3.372281323	244.4610577	130.9670679	2.423076923	0.354523939	1.902427989
0.9	112282	0.362637363	0.545037221	6	4.212765957	0.458311898	47	38	546	455	500	546	0.029635258	0.025531915	46	1	8	3.372281323	221.7251773	119.907562	2.234042553	0.421535165	2
0.9	112238	0.34501845	0.512719307	6	4.348837209	0.565838375	43	37	542	457	500	542	0.042358804	0.036627907	43	0	6.732050808	2.732050808	257.4124031	133.7302437	2.325581395	0.40582742	1.683012702
0.9	112216	0.433453237	0.591513377	6	4.228070175	0.459501784	57	43	556	448	500	556	0.031954887	0.027631579	54	3	8	3.372281323	196.955848	112.8285001	2.245614035	0.421535165	2
0.9	112357	0.327171904	0.552411238	5	4.214285714	0.410325903	42	30	541	461	500	541	0.030612245	0.026785714	40	2	8.281861218	3.909515966	233.3964286	149.8025055	2.261904762	0.472057653	2.070465304
0.9	112089	0.479500891	0.605992447	8	4.338709677	0.670665254	62	47	561	442	500	561	0.045046083	0.038076037	61	1	9.701562119	5.701562119	194.0900538	128.8890191	2.35483871	0.206152368	2.42539053
0.9	112299	0.327777778	0.49625138	6	4.317073171	0.515090539	41	38	540	458	500	540	0.044425087	0.038414634	40	1	8	3.372281323	238.6410569	122.3841826	2.341463415	0.421535165	2
0.9	112316	0.368131868	0.543030255	5	4.276595745	0.447314809	47	39	546	455	500	546	0.039513678	0.034574468	44	3	7.857675303	3.460867325	231.2808511	123.127131	2.340425532	0.440444176	1.964418826
0.9	112158	0.436265709	0.600698924	5	4.189655172	0.392028172	58	42	557	448	500	557	0.027093596	0.023706897	56	2	7.713584662	3.372281323	272.3215517	119.5821353	2.206896552	0.437187309	1.928396165
0.9	112232	0.36146789	0.513650053	5	4.282608696	0.450267721	46	42	545	455	500	545	0.040372671	0.035326087	45	1	8	3.372281323	213.1076087	135.7335033	2.304347826	0.421535165	2