p	E	Mean edge participation	Std edge participation	Largest cycle size	Mean cycle size	Std cycle size	Number of cycles	Number cycle connected components	Number of TR edges	Longest path	Number of nodes	Number of edges	Balance	Balance_norm	Number_diamonds	Number_mixers	Largest eigenvalue M_C	Largest eigenvalue A_C	Mean cycle height	Std cycle height	Mean stretch	eigenvalue_ratio	Largest M_C by corr size
2	975	1.892143808	2.744383842	9	5.638888889	0.976182411	252	1	751	11	500	751	0.1682765	0.129380535	115	137	51.4995658	45.67937773	4.690351789	1.179033873	4.154761905	0.886985687	8.583260967
2	970	1.985695709	2.897656704	8	5.655555556	0.990635162	270	1	769	11	500	769	0.170020822	0.127393199	141	129	51.74200056	45.81745006	4.027059083	1.344560991	4.185185185	0.885498233	10.34840011
2	966	1.857142857	2.973538212	8	5.276752768	0.872379666	271	1	770	10	500	770	0.149225683	0.113814321	142	129	57.85049221	52.4673699	2.98452381	1.08748065	3.745387454	0.906947684	14.46262305
2	984	1.896103896	2.597623367	8	5.387453875	0.929860012	271	1	770	10	500	770	0.153632812	0.118752548	125	146	44.90931304	39.10763431	3.965906695	1.215710656	3.446494465	0.870813461	11.22732826
2	978	1.815718157	3.09841678	8	5.606694561	1.064900822	239	1	738	12	500	738	0.159646832	0.121372615	149	90	63.7238459	57.84032288	4.610963339	1.591600836	4.581589958	0.907671564	15.93096147
2	979	1.793923382	3.438428423	8	5.263565891	0.931942872	258	2	757	9	500	757	0.141031785	0.110105217	156	102	79.15882061	73.7270892	3.358282577	0.99411392	3.484496124	0.931381855	19.78970515
2	962	1.77303989	3.094022186	9	5.653508772	1.087462831	228	1	727	11	500	727	0.176416155	0.131737473	132	96	74.98775324	69.57402751	3.47842523	1.124850751	3.951754386	0.927805202	18.74693831
2	964	1.912303665	3.310526671	9	5.513207547	1.057237007	265	1	764	9	500	764	0.155221055	0.118935757	151	114	74.60668772	69.16523482	2.804766397	1.101198956	3.577358491	0.92706481	18.65167193
2	979	1.978233035	3.017369682	10	5.478723404	1.062534673	282	1	781	11	500	781	0.165597696	0.123662524	130	152	58.7949585	53.05253015	3.910287909	1.200672091	3.964539007	0.90233128	14.69873962
2	979	2.017521902	3.263127851	9	5.373333333	0.938414739	300	1	799	10	500	799	0.147371988	0.114810309	164	136	65.76497803	60.44592884	3.23631746	1.154965706	3.68	0.919120338	16.44124451
2	986	2	2.908838853	8	5.44137931	0.858031927	290	1	789	11	500	789	0.164860379	0.128254758	150	140	61.83462784	56.45124499	3.929466338	1.101635183	3.624137931	0.912939027	15.45865696
2	983	1.916985951	3.277619469	9	5.285211268	1.006839091	284	1	783	10	500	783	0.134597287	0.104018348	177	107	60.0479119	54.77446394	3.472845406	1.027302732	3.73943662	0.912179328	15.01197798
2	969	1.961340206	3.148973038	8	5.494584838	1.039372689	277	1	776	11	500	776	0.157771832	0.120656537	149	128	65.15477749	59.7359614	3.975975589	1.206532124	3.981949458	0.916831638	10.85912958
2	977	1.945595855	3.98112695	10	5.501831502	1.093184152	273	1	772	10	500	772	0.133759056	0.103941559	206	67	94.62056981	89.09218404	3.243367347	1.037626232	3.608058608	0.941573108	23.65514245
2	981	1.884665793	3.08334438	8	5.446969697	0.983302983	264	1	763	10	500	763	0.1634533	0.125411922	139	125	64.06612096	58.24897433	4.11773539	1.236014819	3.893939394	0.909200892	10.67768683
2	986	1.889873418	3.206681906	8	5.130584192	0.921372427	291	1	790	9	500	790	0.134098357	0.103810842	158	133	54.76960928	49.50129804	3.145896744	0.933580972	3.525773196	0.903809589	13.69240232
2	976	2.012903226	3.579488334	9	5.652173913	1.094466808	276	1	775	11	500	775	0.161416677	0.122979886	174	102	81.1858768	75.4184477	3.235875316	1.275156088	3.996376812	0.928960192	20.2964692
2	945	1.62697274	3.341193893	9	5.727272727	1.122030823	198	1	697	8	500	697	0.148977052	0.116805517	148	50	70.56722277	64.87057246	2.232633878	0.84141926	3.621212121	0.919273423	14.11344455
2	986	1.978535354	3.458380814	8	5.348122867	0.898408657	293	1	792	10	500	792	0.14231246	0.111353339	183	110	65.72846977	60.17020189	3.750751666	1.06124111	3.709897611	0.915435915	16.43211744
2	977	2.017902813	3.100975294	8	5.575971731	1.034931601	283	1	782	11	500	782	0.163350163	0.124786282	141	142	59.76668485	54.03034679	3.723582366	1.251746974	4.268551237	0.904021144	14.94167121
3	1419	2.338074398	3.226079283	7	5.14939759	0.810677761	415	1	914	13	500	914	0.139762598	0.108994999	207	208	65.67545195	60.35015953	4.611026965	1.619376602	4.780722892	0.918915024	16.41886299
3	1434	2.437433155	3.187222122	8	5.22706422	0.84933952	436	1	935	12	500	935	0.142082151	0.109980992	215	221	59.6950568	54.32434198	4.977069681	1.564923627	4.782110092	0.910030828	14.9237642
3	1401	2.360477742	3.434563001	8	5.151658768	0.791384052	422	1	921	11	500	921	0.145438358	0.112863118	209	213	67.9280801	62.5095529	3.87535545	1.18155312	3.883886256	0.920231409	16.98202003
3	1434	2.332233223	2.952440315	7	5.170731707	0.841092177	410	1	909	13	500	909	0.145069582	0.111880089	193	217	53.99706487	48.51688743	5.313066202	1.403995787	4.675609756	0.898509716	13.49926622
3	1418	2.248868778	3.31240109	8	5.163636364	0.850806965	385	1	884	12	500	884	0.138082255	0.109235205	211	174	62.13277627	56.90078771	4.593661101	1.435808519	4.363636364	0.91579342	12.42655525
3	1437	2.341963323	3.111137668	8	5.072429907	0.841053346	428	1	927	11	500	927	0.135319065	0.106111339	221	207	52.8624898	47.65895563	4.843827882	1.508328645	4.359813084	0.901564717	13.21562245
3	1442	2.32664437	2.72551289	8	5.243718593	0.81345361	398	1	897	13	500	897	0.164594402	0.124856894	149	249	50.36797751	45.00166228	6.408632448	1.507331685	4.814070352	0.893457798	10.0735955
3	1434	2.224971879	3.261564288	7	5.071794872	0.781172268	390	1	889	13	500	889	0.131219738	0.103315137	198	192	70.27772467	65.28181819	4.774346764	1.457564262	4.576923077	0.928911949	14.05554493
3	1410	2.341436464	3.319704462	8	5.219211823	0.875909306	406	1	905	12	500	905	0.139096572	0.10943632	222	184	53.81763609	48.63755862	4.617517007	1.227068063	4.130541872	0.903747585	10.76352722
3	1414	2.180442375	3.084195212	8	5.202777778	0.863129355	360	1	859	13	500	859	0.144313309	0.112371104	183	177	49.22397452	43.83905064	5.679794974	1.435411065	4.644444444	0.890603635	8.203995753
3	1415	2.155581948	3.193412676	8	5.29154519	0.924000494	343	1	842	12	500	842	0.142513434	0.111982634	175	168	60.16234138	54.87025832	5.258354158	1.425564136	4.335276968	0.912036617	15.04058535
3	1403	2.35483871	3.156986317	7	5.081206497	0.782876149	431	1	930	11	500	930	0.139743225	0.106890896	201	230	53.68262738	48.37478526	3.77073804	1.128165502	3.951276102	0.901125515	13.42065685
3	1438	2.436034115	3.510669398	7	5.20501139	0.795128927	439	1	938	11	500	938	0.153634133	0.118110302	215	224	73.34464076	68.1017245	4.896398742	1.192869423	4.161731207	0.92851671	18.33616019
3	1430	2.31990794	2.548283023	9	5.448648649	0.917582494	370	1	869	14	500	869	0.17066149	0.12887291	146	224	39.34333436	33.80004954	6.301799657	2.013661842	5.489189189	0.859104854	9.835833591
3	1422	2.142687277	3.434260747	8	5.269005848	0.887290807	342	1	841	12	500	841	0.146322453	0.114067798	195	147	64.55899198	59.15868435	5.867227096	1.27593198	3.973684211	0.916350806	12.9117984
3	1416	2.266443701	3.628408897	8	5.108040201	0.913816712	398	1	897	10	500	897	0.126768438	0.099135919	244	154	75.0123662	70.04030426	4.184146925	1.100030206	3.690954774	0.93371677	18.75309155
3	1452	2.38172043	2.881063358	8	5.139211137	0.81124254	431	1	930	12	500	930	0.147608755	0.113556241	203	228	42.01363117	36.82957407	5.112650536	1.377623812	4.361948956	0.876610115	10.50340779
3	1418	2.413390011	3.061917066	7	5.13800905	0.752945119	442	1	941	13	500	941	0.1441292	0.111291296	182	260	56.10751366	50.85312935	5.337163327	1.550018532	4.769230769	0.906351503	14.02687841
3	1400	2.283276451	3.083307505	8	5.281578947	0.886849914	380	1	879	13	500	879	0.149204873	0.114142952	186	194	52.92863124	47.34774232	5.039163534	1.492177562	4.839473684	0.894558223	8.82143854
3	1433	2.394931362	3.1148884	8	5.0625	0.788095013	448	1	947	11	500	947	0.128451021	0.10096145	242	206	55.15598449	50.15864755	4.475156781	1.134929103	3.96875	0.909396288	13.78899612
4	1818	2.542110358	3.04474826	7	4.917602996	0.732312703	534	1	1033	13	500	1033	0.126541865	0.097665455	240	294	47.37298226	42.2547451	5.494627252	1.500769652	4.868913858	0.89195873	11.84324557
4	1837	2.569113441	3.482933917	7	4.9	0.735465221	550	1	1049	12	500	1049	0.120904472	0.095535347	284	266	62.65602164	57.73935488	6.023164502	1.530468993	5.458181818	0.921529222	15.66400541
4	1786	2.422832981	3.538801353	8	5.127516779	0.796709597	447	1	946	12	500	946	0.138763436	0.108893414	254	193	63.99395779	58.76010263	5.194566954	1.451634352	4.447427293	0.918213292	15.99848945
4	1886	2.543909348	3.599221957	7	4.810714286	0.683916915	560	1	1059	10	500	1059	0.108044472	0.08698678	347	213	76.12142448	71.15933684	4.72477466	1.060814074	3.791071429	0.934813521	19.03035612
4	1824	2.451244813	3.493727115	9	5.08172043	0.83330489	465	1	964	12	500	964	0.129031803	0.10281067	264	201	73.51638346	68.58619186	5.294673152	1.728163477	4.978494624	0.932937512	18.37909587
4	1849	2.379600421	2.971643809	7	5.006637168	0.762767563	452	1	951	15	500	951	0.135279282	0.104688891	203	249	47.73397296	42.8190198	6.156384324	1.62691604	5.303097345	0.897034484	11.93349324
4	1731	2.460204082	4.131443386	8	5.012474012	0.812998807	481	1	980	12	500	980	0.121392876	0.094993857	272	209	99.44093111	94.2999588	4.661389961	1.399090465	4.810810811	0.948301245	24.86023278
4	1820	2.498522167	3.951397805	7	4.914728682	0.739589324	516	1	1015	11	500	1015	0.110195251	0.088989973	347	169	75.46488625	70.47042571	4.323648025	1.129366652	3.924418605	0.933817424	18.86622156
4	1824	2.453684211	2.870074656	8	5.168514412	0.775444804	451	1	950	14	500	950	0.1539764	0.118418392	196	255	42.2085103	36.88911894	7.406232182	1.669582707	5.310421286	0.873973487	10.55212758
4	1856	2.571833648	3.335528039	7	4.867620751	0.684878762	559	1	1058	12	500	1058	0.11641387	0.092865326	299	260	65.35560522	60.45769976	5.225696397	1.446446864	4.590339893	0.925057607	16.3389013
4	1721	2.222222222	3.179940376	8	5.337078652	0.911152132	356	1	855	15	500	855	0.154600481	0.119831025	192	164	63.77145764	58.19555901	7.013065142	2.049209227	4.853932584	0.912564353	15.94286441
4	1838	2.533880903	3.206509987	8	5.195789474	0.782427503	475	1	974	15	500	974	0.151045043	0.116832743	223	252	64.23314667	58.88435477	6.391874687	1.476218114	4.852631579	0.916728478	12.84662933
4	1738	2.582217973	3.322158824	8	4.937842779	0.762329076	547	1	1046	11	500	1046	0.122409532	0.095785501	266	281	59.21143452	54.19491424	3.89282885	1.118057937	3.910420475	0.915277846	14.80285863
4	1835	2.610800745	3.311752493	7	4.876521739	0.712903486	575	1	1074	13	500	1074	0.120248824	0.09584711	309	266	50.93694527	45.94751524	4.824616977	1.424317465	4.83826087	0.902046933	12.73423632
4	1829	2.575124378	3.50430838	7	5.114624506	0.794436906	506	1	1005	13	500	1005	0.131001858	0.104918951	315	191	62.09151384	56.78637655	5.355015998	1.532031347	5.152173913	0.914559382	15.52287846
4	1772	2.444794953	2.65722271	7	5.14380531	0.797746626	452	1	951	14	500	951	0.148110581	0.113839261	181	271	43.20492802	37.87766299	5.641582385	1.645889191	4.674778761	0.876697746	10.801232
4	1781	2.384293194	3.141341361	7	4.993421053	0.809727406	456	1	955	13	500	955	0.121148241	0.096119438	249	207	52.94129271	47.92011907	5.163356307	1.751365881	4.88377193	0.905155817	13.23532318
4	1877	2.465256798	3.12432089	8	4.955465587	0.7595815	494	1	993	15	500	993	0.120782039	0.095661589	278	216	50.1355458	45.0405704	6.434027376	1.589115027	4.536437247	0.898375986	12.53388645
4	1791	2.517276423	3.331255394	8	5.107216495	0.812815829	485	1	984	14	500	984	0.142183334	0.109961351	234	251	64.59588276	59.49811523	5.827076583	2.007418661	5.484536082	0.92108216	16.14897069
4	1877	2.500980392	3.157468429	8	4.896353167	0.798755115	521	1	1020	14	500	1020	0.11688425	0.091691879	280	241	55.16734302	50.27211966	6.563643634	1.533532736	4.437619962	0.911265921	13.79183575
5	2171	2.45481336	3.13300784	7	4.815028902	0.702654991	519	1	1018	15	500	1018	0.116242385	0.090752013	242	277	54.01518037	48.9742682	6.406468483	1.352404364	4.587668593	0.90667601	13.50379509
5	2236	2.567820393	4.093200118	7	4.815789474	0.722638798	570	1	1069	14	500	1069	0.111630534	0.088646925	312	258	96.22909394	91.36439662	6.290927318	1.394157315	4.449122807	0.94944671	24.05727349
5	2182	2.446534653	3.043189584	8	4.835616438	0.724456448	511	1	1010	14	500	1010	0.118775186	0.092454371	224	287	44.88470388	40.01682358	6.981322803	1.665654284	5.698630137	0.891547011	11.22117597
5	2162	2.533462658	3.483172175	7	4.909774436	0.676775266	532	1	1031	14	500	1031	0.126134131	0.099442746	264	268	69.05713096	64.05258811	6.646956677	1.587978243	5.033834586	0.927530397	17.26428274
5	2165	2.597169811	3.298511887	8	4.907308378	0.707963406	561	1	1060	12	500	1060	0.122911042	0.097119788	307	254	55.48250876	50.43101436	5.986955691	1.444451029	4.632798574	0.908953389	13.87062719
5	2076	2.46107179	3.076009007	8	4.967346939	0.7998438	490	1	989	14	500	989	0.123287672	0.097844014	258	232	50.83828417	45.73434019	5.979312439	1.819073612	5.324489796	0.899604323	12.70957104
5	2155	2.672161172	3.33378665	7	4.92074199	0.710407898	593	1	1092	14	500	1092	0.120626952	0.095351322	290	303	56.14138192	51.03402192	5.952304666	1.50671531	4.575042159	0.909026821	14.03534548
5	2230	2.621646623	3.677852492	7	4.869415808	0.678683283	582	1	1081	13	500	1081	0.117994513	0.094368978	344	238	70.00206756	65.11931438	6.110918835	1.439773233	4.372852234	0.930248443	17.50051689
5	2185	2.488843813	3.217973308	8	5.039014374	0.815983461	487	1	986	14	500	986	0.131859647	0.103137191	262	225	62.2876999	57.30289599	6.337506111	1.499408873	4.611909651	0.919971296	15.57192497
5	2197	2.556925996	3.633086993	7	4.855855856	0.730874422	555	1	1054	13	500	1054	0.11647357	0.092187874	290	265	68.70971368	63.64054425	6.182990133	1.321622888	4.673873874	0.926223395	17.17742842
5	2125	2.53492823	2.942832525	8	4.851648352	0.707085434	546	1	1045	13	500	1045	0.119028624	0.093520434	233	313	55.59292253	50.63278605	6.378017617	1.478541231	5.053113553	0.910777555	13.89823063
5	2154	2.553773585	3.367146335	7	4.825311943	0.694876296	561	1	1060	13	500	1060	0.111709703	0.089143027	285	276	60.61319463	55.62757423	5.978168237	1.568885561	5.247771836	0.917746946	15.15329866
5	2127	2.479623824	3.171986292	8	5.181222707	0.825307294	458	1	957	16	500	957	0.145732693	0.113832655	228	230	53.42762127	48.18063202	7.64573456	1.927668673	6.399563319	0.901792572	13.35690532
5	2200	2.575984991	3.443778578	8	4.84303351	0.678505961	567	1	1066	14	500	1066	0.122624653	0.096230664	256	311	63.29764494	58.31416207	7.085733182	1.606796964	5.39329806	0.921269063	15.82441123
5	2215	2.593837535	3.297895564	8	4.856643357	0.773517932	572	1	1071	15	500	1071	0.113674634	0.089883716	283	289	53.75022343	48.68940479	7.648715867	1.324070594	4.736013986	0.905845626	13.43755586
5	2137	2.481963928	3.473803387	7	4.963927856	0.737420491	499	1	998	14	500	998	0.125755822	0.099418838	273	226	63.35081578	58.27665287	5.700897032	1.544020897	4.78757515	0.919903748	15.83770394
5	2239	2.654099906	3.14585056	7	5.010676157	0.718261968	562	1	1061	15	500	1061	0.132856704	0.104983886	274	288	54.94043376	49.74121932	7.57514828	1.673477605	5.137010676	0.905366338	13.73510844
5	2135	2.504892368	3.818980758	8	4.894837476	0.733278947	523	1	1022	12	500	1022	0.117710149	0.094046777	289	234	83.76070978	78.72759087	5.449603933	1.278300563	4.403441683	0.939910742	20.94017744
5	2238	2.575871819	3.582229456	8	4.862989324	0.755113267	562	1	1061	15	500	1061	0.111770732	0.088444681	308	254	66.75365816	61.84030652	6.161021437	1.48874731	4.834519573	0.92639577	16.68841454
5	2251	2.615675165	2.937591305	9	4.946428571	0.702537311	560	1	1059	16	500	1059	0.135398196	0.105666601	194	366	55.21154804	50.09768509	8.80689059	2.02425429	5.941071429	0.907376932	6.134616449
6	2494	2.618299445	4.143604928	8	4.859348199	0.717899729	583	1	1082	13	500	1082	0.114874143	0.091709631	353	230	90.24787402	85.40630378	6.829331046	1.48866412	4.636363636	0.946352529	22.5619685
6	2559	2.571428571	3.383382762	7	5.092337917	0.74520091	509	1	1008	15	500	1008	0.13376246	0.105551637	279	230	63.49183538	58.421641	7.538857704	1.481029542	4.952848723	0.920144152	12.69836708
6	2531	2.723867596	2.999632095	7	4.818181818	0.659814437	649	1	1148	15	500	1148	0.120317493	0.094984418	304	345	41.19343971	36.37104178	7.230816641	1.765414183	5.653312789	0.882932866	10.29835993
6	2588	2.613592233	2.854431014	8	5.069679849	0.759648355	531	1	1030	18	500	1030	0.141198426	0.110182553	226	305	48.03650628	42.97437707	9.542646399	2.123545603	6.186440678	0.894619122	12.00912657
6	2545	2.563909774	3.863952131	7	4.828318584	0.64677129	565	1	1064	14	500	1064	0.113782869	0.09158043	339	226	73.17993515	68.06933555	7.452410451	1.16840334	4.189380531	0.930163923	18.29498379
6	2567	2.666666667	3.331817837	8	4.802568218	0.661623921	623	1	1122	14	500	1122	0.114304244	0.091274807	334	289	54.9549843	50.07828387	8.075945884	1.5285122	4.92776886	0.911260089	13.73874607
6	2498	2.613841525	2.811769395	7	5.232931727	0.790226341	498	1	997	19	500	997	0.151239523	0.11684181	218	280	47.46041885	41.92284034	9.190222796	2.39073476	6.437751004	0.883322174	11.86510471
6	2527	2.632030505	2.621674665	7	5.02	0.722092918	550	1	1049	17	500	1049	0.142940636	0.110148468	215	335	37.90164897	32.75541883	9.033341991	1.977330553	6.485454545	0.864221471	9.475412242
6	2575	2.545189504	3.166139594	7	4.941509434	0.674588334	530	1	1029	16	500	1029	0.131548285	0.10368597	256	274	52.37356002	47.52483471	8.299330638	1.763395369	5.543396226	0.90742036	13.09339001
6	2602	2.634457612	3.068114238	7	4.83277592	0.676007352	598	1	1097	16	500	1097	0.122422884	0.095480612	255	343	51.71270619	46.72542641	8.185654563	1.715648863	5.162207358	0.903557943	12.92817655
6	2549	2.650317893	2.966413932	7	4.84717608	0.681921508	602	1	1101	18	500	1101	0.121502059	0.095860158	268	334	43.0287644	38.02808072	8.38511707	1.979673494	6.033222591	0.883782773	10.7571911
6	2565	2.644177449	3.050712519	7	4.907375643	0.701625514	583	1	1082	19	500	1082	0.121448102	0.096030811	287	296	46.73018882	41.8295208	8.394592829	1.991335307	6.608919383	0.895128435	11.68254721
6	2470	2.634724858	3.290543213	8	5.003603604	0.787278117	555	1	1054	14	500	1054	0.120586551	0.096900095	327	228	58.31965166	53.7578074	6.638616474	1.942178945	5.34954955	0.921778609	14.57991292
6	2525	2.689302326	3.020584723	7	5.019097222	0.729809158	576	1	1075	17	500	1075	0.13891591	0.108181586	277	299	47.7923607	42.65166445	8.810801091	2.084303438	5.8125	0.892436863	9.55847214
6	2492	2.693476318	3.294572998	7	4.861290323	0.691038218	620	1	1119	16	500	1119	0.120018263	0.093652656	284	336	56.91214734	52.09280715	7.09218894	1.844862647	5.601612903	0.915319656	14.22803684
6	2487	2.697530864	3.122322922	7	4.817322835	0.712994626	635	1	1134	14	500	1134	0.111957006	0.088387499	296	339	51.40527187	46.46249287	6.87648294	1.449607211	4.729133858	0.903846846	12.85131797
6	2589	2.547459252	3.294785206	8	4.884191176	0.709318288	544	1	1043	16	500	1043	0.122036345	0.096448635	281	263	57.89751954	52.99686126	7.792415091	1.838112632	5.365808824	0.915356334	14.47437989
6	2545	2.61038961	3.518617808	7	4.860103627	0.659287827	579	1	1078	14	500	1078	0.120281019	0.096016182	331	248	60.29398815	55.31614132	7.442713217	1.222809515	4.226252159	0.917440412	15.07349704
6	2573	2.476237624	3.192802813	7	4.894324853	0.721888074	511	1	1010	16	500	1010	0.125031009	0.09853693	248	263	51.66538499	46.56256264	8.622318516	1.528994409	5.142857143	0.901233246	12.91634625
6	2547	2.549295775	4.591445605	7	4.796819788	0.672049599	566	1	1065	14	500	1065	0.110419136	0.088232328	354	212	109.4055017	104.6005359	7.187998486	1.061463371	3.874558304	0.956081132	21.88110033
7	2970	2.835110747	3.057536481	7	4.8	0.604611905	720	1	1219	17	500	1219	0.121219812	0.095829535	342	378	49.16327981	44.21483951	8.743091931	1.465288527	4.547222222	0.899346823	12.29081995
7	2862	2.569369369	4.114592638	6	4.667757774	0.636524457	611	1	1110	13	500	1110	0.091692227	0.074941504	428	183	73.75119628	68.90382939	6.783169667	1.262622024	4.448445172	0.934274057	18.43779907
7	2767	2.637453875	3.397486505	7	4.887179487	0.659647466	585	1	1084	16	500	1084	0.12520163	0.099363985	289	296	64.11529068	59.23190626	8.894782255	1.496595262	5.420512821	0.923834325	16.02882267
7	2763	2.695381883	3.377718757	7	4.840510367	0.684821816	627	1	1126	18	500	1126	0.117866016	0.092706284	306	321	58.74313033	53.74590432	7.718402066	1.935929367	6.583732057	0.914930887	14.68578258
7	2731	2.73066424	3.397300836	8	5.001666667	0.71297304	600	1	1099	16	500	1099	0.129823036	0.102785526	309	291	57.85031912	52.93891254	8.592242063	2.053414079	5.961666667	0.915101478	14.46257978
7	2864	2.676444444	3.761113993	7	4.809904153	0.678725777	626	1	1125	15	500	1125	0.115079024	0.091143945	367	259	70.03012925	65.13618482	7.912737715	1.261529947	4.776357827	0.930116587	14.00602585
7	2803	2.680755396	3.588258752	7	4.862969005	0.727562016	613	1	1112	14	500	1112	0.115647065	0.091348353	312	301	67.88748699	63.04731079	7.235916259	1.406196418	4.685154976	0.92870297	16.97187175
7	2852	2.669750231	2.996313003	7	4.958762887	0.70468524	582	1	1081	15	500	1081	0.129962873	0.101808272	261	321	45.45422729	40.50039476	7.604307806	1.736066282	5.235395189	0.891014922	11.36355682
7	2810	2.687557604	2.70467798	8	4.976109215	0.668227661	586	1	1085	19	500	1085	0.14117995	0.109701974	207	379	38.43706121	33.35574817	10.79711117	1.978212317	6.699658703	0.867801729	9.609265302
7	2877	2.662511131	3.561830365	7	4.791666667	0.656472541	624	1	1123	15	500	1123	0.113757204	0.089977798	306	318	68.07164581	63.21054874	8.051884921	1.315922798	4.700320513	0.928588519	17.01791145
7	2794	2.647113594	3.20341648	7	4.944347826	0.700582528	575	1	1074	17	500	1074	0.125830085	0.098031527	284	291	59.82034133	54.66905937	8.390078675	1.622341479	5.39826087	0.913887453	11.96406827
7	2832	2.611872146	3.275207221	7	4.798657718	0.644854344	596	1	1095	16	500	1095	0.114067548	0.091737544	319	277	55.34038303	50.52922265	7.929138702	1.668360312	5.627516779	0.913062395	13.83509576
7	2873	2.63760218	3.013503257	7	4.823920266	0.651264485	602	1	1101	17	500	1101	0.12247087	0.096042069	261	341	57.51197789	52.46595774	8.620831356	1.729280671	6.066445183	0.912261405	14.37799447
7	2814	2.668173599	4.233170029	9	4.861614498	0.689262932	607	1	1106	14	500	1106	0.118151902	0.094792427	335	272	91.66136089	86.7682039	7.786022855	1.1176559	4.232289951	0.946617016	10.18459565
7	2818	2.68902439	3.659266042	7	4.756548536	0.663295537	649	1	1148	16	500	1148	0.107232155	0.085526943	322	327	68.45161717	63.5068682	7.993513831	1.793718592	5.605546995	0.927762861	17.11290429
7	2777	2.630755064	3.203205804	7	4.867120954	0.659920281	587	1	1086	17	500	1086	0.122893178	0.097323998	295	292	57.44934866	52.42775726	8.790407236	2.090093291	5.981260647	0.912590978	14.36233717
7	2912	2.743787489	3.456225517	8	4.793413174	0.658308277	668	1	1167	15	500	1167	0.112566497	0.090190898	358	310	64.68727282	59.94129693	7.912963359	1.63502424	5.401197605	0.926631999	16.1718182
7	2746	2.711030082	2.939901916	8	4.973244147	0.714835513	598	1	1097	17	500	1097	0.138054008	0.107067361	248	350	43.68187076	38.45224353	8.976688167	1.860780754	6.138795987	0.880279229	10.92046769
7	2812	2.586466165	3.303001186	8	4.87079646	0.688165628	565	1	1064	16	500	1064	0.120192499	0.09588943	282	283	56.27110977	51.22010982	7.937484197	1.497092071	5.431858407	0.910238131	14.06777744
7	2941	2.737734166	3.257447905	7	4.934083601	0.704027718	622	1	1121	18	500	1121	0.126217475	0.099467373	320	302	60.67013203	55.73759078	8.366184352	1.948373181	5.689710611	0.918699019	15.16753301
8	3162	2.600182149	3.699244245	7	4.766277129	0.713895937	599	1	1098	16	500	1098	0.097620766	0.078814666	349	250	61.05413521	56.25253624	8.760410207	1.530560317	4.74624374	0.921355057	15.2635338
8	3092	2.749351772	3.3286312	7	4.834346505	0.658061731	658	1	1157	15	500	1157	0.11797783	0.094199015	352	306	55.93668713	51.03196103	8.07370097	1.664576964	5.539513678	0.912316472	13.98417178
8	2985	2.504540868	4.03887886	8	5.044715447	0.779587472	492	1	991	15	500	991	0.129192972	0.102636319	289	203	91.84310671	86.80802009	8.166690863	1.463256089	4.662601626	0.945177305	22.96077668
8	3223	2.615455382	3.345933608	9	4.835034014	0.715473179	588	1	1087	17	500	1087	0.110457735	0.087891677	317	271	56.82277012	51.72625851	10.86849827	1.563748528	5.130952381	0.910308639	9.470461687
8	3163	2.666666667	2.927291008	7	4.833876221	0.681365957	614	1	1113	16	500	1113	0.117477939	0.09273132	293	321	46.87673226	42.20689443	9.342725299	1.906329223	5.42019544	0.900380474	11.71918307
8	2959	2.600888889	3.963365474	7	4.674121406	0.641385241	626	1	1125	15	500	1125	0.097157167	0.077628302	334	292	93.41687233	88.71216754	7.881800548	1.248495598	4.89456869	0.949637526	23.35421808
8	3166	2.652557319	3.622035683	9	4.737007874	0.695407109	635	1	1134	16	500	1134	0.105855246	0.083589094	322	313	72.87283121	67.94318786	8.801388576	1.170008857	4.522834646	0.932352795	18.2182078
8	3193	2.567901235	2.977981091	8	4.880866426	0.682606472	554	1	1053	17	500	1053	0.129797568	0.102117123	250	304	48.79855109	44.08367871	9.615959687	1.613714455	5.0433213	0.903380894	12.19963777
8	3229	2.757469244	3.246068531	8	4.910798122	0.733627228	639	1	1138	18	500	1138	0.123357049	0.096538694	270	369	66.46197231	61.40428665	10.9032957	1.466707039	5.245696401	0.92390106	16.61549308
8	3232	2.623496762	3.34090827	7	4.872852234	0.718665078	582	1	1081	18	500	1081	0.119477671	0.094793694	330	252	54.31880439	49.48370141	10.3475495	1.82920129	5.704467354	0.910986572	13.5797011
8	3091	2.718038529	3.298782932	7	4.827371695	0.642988573	643	1	1142	14	500	1142	0.121734848	0.096412536	307	336	62.29898408	57.57628257	7.661060505	1.434614736	4.706065319	0.924192961	15.57474602
8	3267	2.752941176	3.208099611	7	4.740955137	0.616501226	691	1	1190	17	500	1190	0.112167923	0.0891	315	376	54.78285787	49.97515357	9.21316932	1.639658057	5.17366136	0.912240717	13.69571447
8	3201	2.597000937	3.152587846	8	4.878521127	0.710358417	568	1	1067	19	500	1067	0.124781461	0.097135048	234	334	61.13598629	56.15178881	10.26666876	1.690209007	5.485915493	0.91847359	15.28399657
8	3243	2.655783582	3.180512042	8	4.968586387	0.690795322	573	1	1072	19	500	1072	0.130885385	0.103413325	283	290	56.80879554	51.71342108	9.960063991	1.711824619	5.298429319	0.910306592	14.20219888
8	3110	2.522432702	3.194312815	11	5.01984127	0.786545576	504	1	1003	17	500	1003	0.135666069	0.106226384	247	257	66.3737932	61.23661486	9.890171271	1.683283463	4.982142857	0.922602309	13.27475864
8	3091	2.706199461	3.365557701	7	4.905537459	0.711150342	614	1	1113	17	500	1113	0.123559199	0.098013384	319	295	64.88964572	59.98085316	9.197867225	1.892219372	6.017915309	0.924351682	16.22241143
8	3004	2.723695466	3.487451983	7	4.752238806	0.689875223	670	1	1169	15	500	1169	0.099942771	0.080447162	382	288	57.24607492	52.5012252	7.196709311	1.720949852	5.705970149	0.917114846	14.31151873
8	3283	2.624113475	3.556113519	9	4.705882353	0.658306633	629	1	1128	19	500	1128	0.104210648	0.08294834	315	314	67.23317634	62.55390977	10.62386126	1.778508113	6.510333863	0.930402417	16.80829408
8	3294	2.624324324	2.942136143	10	4.767594108	0.670879389	611	1	1110	19	500	1110	0.116785299	0.091467547	246	365	47.91143542	43.07055231	11.75511651	2.046406121	6.099836334	0.898961844	11.97785886
8	3093	2.65873742	3.153253748	8	4.892255892	0.723702109	594	1	1093	16	500	1093	0.121131235	0.095187344	297	297	48.23330924	43.4014938	8.436686308	2.028002349	6.427609428	0.899824094	12.05832731